0 0.4959398091133005 0.008448246258052291 0.6555794690223571 0.008448246258052291 0.6555794690223571 0.13662253694581275 0.4959398091133005 0.13662253694581275
1 0.42936407611784755 0.13758466748768472 0.5580260929802955 0.13758466748768472 0.5580260929802955 0.26658417014020486 0.42936407611784755 0.26658417014020486
1 0.3048088764683592 0.2626616379310345 0.44160829741379304 0.2626616379310345 0.44160829741379304 0.3848263132341796 0.3048088764683592 0.3848263132341796
0 0.18344350961538458 0.3455528846153846 0.33668870192307687 0.3455528846153846 0.33668870192307687 0.4582331730769231 0.18344350961538458 0.4582331730769231
0 0.11283052884615385 0.6452824519230769 0.23378810036945807 0.6452824519230769 0.23378810036945807 0.7494996921182265 0.11283052884615385 0.7494996921182265
0 0.012498075738916231 0.7436899038461539 0.16090745192307693 0.7436899038461539 0.16090745192307693 0.8909328817733989 0.012498075738916231 0.8909328817733989
0 0.2265625 0.9104567307692307 0.3329326923076923 0.9104567307692307 0.3329326923076923 0.998046875 0.2265625 0.998046875
0 0.29236778846153844 0.8112980769230769 0.4016635572139303 0.8112980769230769 0.4016635572139303 0.9202036691542288 0.29236778846153844 0.9202036691542288
0 0.34344951923076916 0.712139423076923 0.476697198275862 0.712139423076923 0.476697198275862 0.8380157019704433 0.34344951923076916 0.8380157019704433
0 0.4260817307692307 0.6609836822660098 0.5228794642857142 0.6609836822660098 0.5228794642857142 0.751953125 0.4260817307692307 0.751953125
1 0.5342548076923077 0.4612379807692307 0.666466346153846 0.4612379807692307 0.666466346153846 0.5731670673076923 0.5342548076923077 0.5731670673076923
1 0.572910252463054 0.36560960591133 0.7424561564513074 0.36560960591133 0.7424561564513074 0.5211232059965897 0.572910252463054 0.5211232059965897
1 0.658539870689655 0.23957050492610835 0.7813336313471012 0.23957050492610835 0.7813336313471012 0.37117146054376654 0.658539870689655 0.37117146054376654
0 0.8121995192307692 0.1727764423076923 0.9091045673076923 0.1727764423076923 0.9091045673076923 0.27493990384615385 0.8121995192307692 0.27493990384615385
0 0.803185096153846 0.8353365384615384 0.902921028325123 0.8353365384615384 0.902921028325123 0.9438500615763545 0.803185096153846 0.9438500615763545
0 0.715294471153846 0.8774038461538461 0.8414963942307692 0.8774038461538461 0.8414963942307692 0.9968449519230769 0.715294471153846 0.9968449519230769
0 0.6259014423076923 0.9127103365384615 0.76171875 0.9127103365384615 0.76171875 0.998046875 0.6259014423076923 0.998046875
1 0.6840651939655171 0.6723257211538461 0.82421875 0.6723257211538461 0.82421875 0.8226216133004925 0.6840651939655171 0.8226216133004925
1 0.8500038485221675 0.5401141826923077 0.9639682112068966 0.5401141826923077 0.9639682112068966 0.6436653325123152 0.8500038485221675 0.6436653325123152
0 0.9521747110647971 0.498046875 1.0017510775862069 0.498046875 1.0017510775862069 0.5723492563471012 0.9521747110647971 0.5723492563471012
0 0.9045973557692308 0.337890625 0.998046875 0.337890625 0.998046875 0.4462139423076923 0.9045973557692308 0.4462139423076923
1 0.50075046182266 0.6282712438423644 0.5719481219211822 0.694658251231527 0.6239031711822659 0.6446274630541872 0.5459705972906403 0.584975369458128
1 0.9034309575123152 0.6773399014778324 0.998046875 0.6773399014778324 0.998046875 0.79296875 0.9034309575123152 0.79296875
0 0.9720537935323381 0.4343516791044776 0.998046875 0.4343516791044776 0.998046875 0.484375 0.9720537935323381 0.484375
0 0.9701103855721391 0.9124300373134328 0.998046875 0.9124300373134328 0.998046875 0.984375 0.9701103855721391 0.984375
