0 0.004974214901477814 0.05387931034482758 0.05211861145320196 0.0009621305418719211 0.15602870997536944 0.0 0.17046066810344823 0.013469827586206896 0.03864878386699505 0.16548645320197042 0.0001635621921182162 0.12122844827586206
1 0.1771955818965517 0.01924261083743842 0.23203702278325117 0.0644627463054187 0.19547606219211816 0.10294796798029555 0.20798375923645318 0.10872075123152708 0.17238492918719206 0.1597136699507389 0.15795297105911327 0.14431958128078817 0.10118726908866993 0.2097444581280788 0.08002039716748766 0.19050184729064037 0.10792218288177338 0.16067580049261082 0.07424761391625614 0.13084975369458127
0 0.004974214901477814 0.2645858990147783 0.07136122229064037 0.2876770320197044 0.0627020474137931 0.31269242610837433 0.09445235529556648 0.3252001231527093 0.07424761391625614 0.3848522167487684 0.0001635621921182162 0.3598368226600985
1 0.3734702124384236 0.26362376847290636 0.3022725523399014 0.34925338669950734 0.36384890701970435 0.3983220443349753 0.3907885621921182 0.37426878078817727 0.37924299568965514 0.3646474753694581 0.4177282173645319 0.3203894704433497 0.3917506927339901 0.3021089901477832 0.4013719981527093 0.29152555418719206
1 0.2964997690886699 0.5041564039408867 0.3696216902709359 0.5686191502463054 0.2964997690886699 0.6427032019704433 0.2782192887931034 0.6244227216748768 0.2599388084975369 0.6417410714285714 0.21183228140394084 0.5926724137931034
0 0.19355180110837433 0.6167256773399014 0.2647494612068965 0.6783020320197044 0.21664293411330043 0.7331434729064038 0.1502559267241379 0.6744535098522166
0 0.051156480911330016 0.8639932266009851 0.14255888238916253 0.7600831280788176 0.18585475677339897 0.803379002463054 0.09637661637931033 0.9082512315270935
0 0.18777901785714285 0.803379002463054 0.21375654248768472 0.8332050492610836 0.14736953509852213 0.9101754926108373 0.11946774938423643 0.8851600985221674
0 0.21279441194581278 0.8332050492610836 0.24165832820197042 0.8601447044334974 0.17238492918719212 0.938077278325123 0.1473695350985222 0.9120997536945812
1 0.24358258928571425 0.8562961822660098 0.28014354987684725 0.8909328817733989 0.21856719519704432 0.9640548029556649 0.1829683651477832 0.9351908866995072
1 0.2839920720443349 0.8947814039408866 0.3455684267241379 0.9476985837438422 0.3003482912561576 0.9977293719211822 0.26953125 0.998046875 0.22241571736453197 0.9640548029556649
0 0.3203125 0.997084744458128 0.302734375 0.997084744458128 0.35422760160098515 0.9361530172413791 0.3840536483990147 0.9717518472906402 0.35807612376847286 0.9958051108374383
1 0.44178148091132996 0.6369304187192119 0.49085013854679793 0.6821505541871921 0.3696216902709359 0.8178109605911329 0.31959090209359603 0.7745150862068965
0 0.5420451046798028 0.8024168719211822 0.6093942426108373 0.8582204433497536 0.5439693657635467 0.9323044950738915 0.47662022783251223 0.8707281403940885
1 0.6344096366995073 0.3915871305418719 0.5112569273399014 0.5464901477832511 0.5853409790640394 0.6032558497536945 0.7171528633004925 0.4531634852216748
1 0.6940617302955664 0.524361145320197 0.747941040640394 0.5753540640394088 0.6565386391625615 0.6811884236453201 0.5968865455665023 0.6273091133004925
1 0.7133043411330048 0.3877386083743842 0.8047067426108373 0.2905634236453202 0.8633967056650245 0.3386699507389162 0.7652593903940885 0.44065578817733986
1 0.8845635775862067 0.3636853448275862 0.8249114839901477 0.44065578817733986 0.8999576662561575 0.499345751231527 0.9624961514778323 0.4166025246305418
1 0.442945658866995 0.002886391625615763 0.3881042179802955 0.07600831280788177 0.43909713669950734 0.11256927339901476 0.5102947967980295 0.024053263546798025 0.4698853140394088 0.0019242610837438422
0 0.5612877155172413 0.03752309113300492 0.4785444889162561 0.12122844827586206 0.5295374076354679 0.1683728448275862 0.6190155480295566 0.07697044334975368
1 0.45833974753694573 0.329048645320197 0.37944504310344823 0.4214131773399014 0.4333243534482758 0.47336822660098515 0.46507466133004915 0.43199661330049255 0.4544912253694581 0.42718596059113295 0.4987492302955664 0.378117302955665 0.5170297105911329 0.39062499999999994 0.5641741071428571 0.33482142857142855 0.5208782327586207 0.29537407635467977 0.4785444889162561 0.34925338669950734
1 0.22742841748768466 0.4560498768472906 0.08599522783251229 0.6157635467980295 0.12544258004926107 0.6504002463054186 0.27168642241379304 0.4926108374384236
0 0.716796875 0.998046875 0.6651978140394088 0.9197967980295565 0.6815540332512314 0.9082512315270935 0.6844404248768472 0.9178725369458127 0.8268357450738915 0.8178109605911329 0.942291410098522 0.9900323275862067
1 0.998046875 0.478515625 0.9163138854679802 0.5792025862068965 0.9528748460591132 0.6099907635467979 0.8778286637931033 0.7052416871921181 0.9278594519704433 0.743726908866995 0.998046875 0.671875
1 0.9932843288177338 0.03271243842364532 0.893222752463054 0.13854679802955663 0.9240109298029555 0.16741071428571427 0.9028440578817734 0.1914639778325123 0.9730795874384235 0.25015394088669946 0.998046875 0.220703125
0 0.6209398091133004 0.10583435960591132 0.5333859298029556 0.21359298029556648 0.6055457204433496 0.28190424876847286 0.6969481219211822 0.17125923645320196
1 0.309209513546798 0.16163793103448273 0.20818580665024627 0.27035868226600984 0.26880003078817727 0.32616225369458124 0.37655865147783246 0.20782019704433494
0 0.0994650554187192 0.33963208128078815 0.03981296182266009 0.4762546182266009 0.06097983374384233 0.49645935960591125 0.02057035098522167 0.5310960591133004 0.07926031403940884 0.6042179802955664 0.22646628694581278 0.44546644088669946 0.14276092980295563 0.3733066502463054 0.15719288793103448 0.35406403940886694 0.13891240763546794 0.341556342364532 0.12929110221674875 0.3550261699507389
0 0.7440925184729063 0.5965209359605911 0.7719943041871921 0.6176878078817734 0.7065694273399014 0.6888854679802955 0.735433343596059 0.7148629926108373 0.8364570504926108 0.6099907635467979 0.784502001231527 0.56092210591133
1 0.7527516933497536 0.48298953201970435 0.7171528633004925 0.5301339285714285 0.7633351293103448 0.5628463669950738 0.7989339593596058 0.5205126231527093
1 0.4410213977832511 0.8976677955665023 0.5689847598522166 0.7610452586206896 0.503559883004926 0.7033174261083743 0.38136930418719206 0.8466748768472906
0 0.1273668411330049 0.21166871921182265 0.23031480911330043 0.10102370689655171 0.28034559729064035 0.1510544950738916 0.17932189039408863 0.25881311576354676
0 0.01479756773399013 0.621536330049261 0.09080588054187189 0.6965825123152708 0.11966979679802953 0.6600215517241379 0.04654787561576354 0.584975369458128
0 0.00036560960591132396 0.6638700738916256 0.02345674261083741 0.6350061576354679 0.08984374999999997 0.6975446428571428 0.05713131157635465 0.7350677339901477
0 0.0032520012315270796 0.6629079433497536 0.06290409482758619 0.7341056034482758 0.02634313423645318 0.7687423029556649 0.0 0.734375
