0 0.9968449519230769 0.5498798076923077 0.7166466346153846 0.4529747596153846 0.721905048076923 0.43118990384615385 0.8210637019230769 0.16676682692307693 0.9953425480769231 0.22686298076923075
0 0.29146634615384615 0.28846153846153844 0.5926983173076923 0.39362980769230765 0.6189903846153846 0.3245192307692308 0.6520432692307692 0.33052884615384615 0.6896033653846153 0.23287259615384615 0.6625600961538461 0.22310697115384615 0.693359375 0.12244591346153846 0.390625 0.009765625
0 0.30423677884615385 0.40564903846153844 0.45748197115384615 0.4612379807692307 0.4319411057692307 0.5213341346153846 0.28470552884615385 0.4732572115384615
1 0.4229266826923077 0.604717548076923 0.2801983173076923 0.9885817307692307 0.296875 0.998046875 0.3515625 0.998046875 0.4852764423076923 0.6272536057692307
1 0.20132211538461536 0.9637920673076923 0.25916466346153844 0.9878305288461539 0.4266826923076923 0.5250901442307692 0.37109375 0.5055588942307692
1 0.13822115384615385 0.8015324519230769 0.21259014423076922 0.8263221153846153 0.30573918269230765 0.5701622596153846 0.2388822115384615 0.5491286057692307 0.2313701923076923 0.5724158653846154 0.22536057692307693 0.5716646634615384
0 0.12394831730769229 0.8766526442307692 0.166015625 0.8931790865384615 0.1923076923076923 0.8308293269230769 0.14498197115384615 0.8158052884615384
0 0.234375 0.8473557692307692 0.19155649038461536 0.8323317307692307 0.16902043269230765 0.8991887019230769 0.20357572115384615 0.9089543269230769 0.21634615384615385 0.8661358173076923 0.2291165865384615 0.868389423076923
1 0.08563701923076922 0.9577824519230769 0.166015625 0.986328125 0.18329326923076922 0.9359975961538461 0.10667067307692307 0.9051983173076923
1 0.4124098557692307 0.9645432692307692 0.478515625 0.7602163461538461 0.6332632211538461 0.8150540865384616 0.56640625 0.998046875 0.513671875 0.998046875
