0 0.22906403940886688 0.17222136699507387 0.2819812192118226 0.22513854679802953 0.3416333128078817 0.15490301724137928 0.2848676108374384 0.11064501231527092
0 0.7466902709359604 0.01924261083743842 0.7649707512315269 0.03463669950738916 0.7563115763546797 0.05387931034482758 0.8101908866995073 0.08851600985221673 0.873691502463054 0.004810652709359605 0.764008620689655 0.0019242610837438422
1 0.8900477216748768 0.15009236453201968 0.9371921182266008 0.042333743842364525 0.998046875 0.05859375 0.998046875 0.220703125 0.9064039408866993 0.1779941502463054 0.9112145935960589 0.16741071428571427
0 0.8525246305418719 0.6417410714285714 0.8746536330049259 0.7899091748768472 0.9381542487684726 0.7812499999999999 0.910252463054187 0.6359682881773399
1 0.5523399014778324 0.9342287561576353 0.5802416871921181 0.9178725369458127 0.5754310344827586 0.9053648399014778 0.6504772167487683 0.865917487684729 0.6697198275862067 0.8938192733990147 0.6581742610837438 0.9101754926108373 0.6735683497536945 0.9313423645320196 0.5754310344827586 0.9832974137931033
0 0.130926724137931 0.004810652709359605 0.17518472906403937 0.030788177339901475 0.19346520935960587 0.0
1 0.3118072660098521 0.31846520935960587 0.33393626847290636 0.3973599137931034 0.36376231527093583 0.3877386083743842 0.38973983990147776 0.43873152709359603 0.45516471674876835 0.4156403940886699 0.42630080049261077 0.3425184729064039 0.4070581896551724 0.2905634236453202
1 0.5792795566502462 0.43103448275862066 0.6148783866995072 0.3800415640394088 0.63123460591133 0.3877386083743842 0.6360452586206895 0.37715517241379304 0.6639470443349752 0.3973599137931034 0.6572121305418718 0.4069812192118226 0.6966594827586206 0.4348830049261083 0.6591363916256157 0.48683805418719206 0.58120381773399 0.4435421798029556
0 0.3089208743842363 0.4291102216748768 0.3291256157635467 0.47240609605911327 0.374345751231527 0.4560498768472906 0.35510314039408863 0.4117918719211822
1 0.15979064039408863 0.3482912561576354 0.1799953817733989 0.4194889162561576 0.228101908866995 0.40409482758620685 0.21270782019704426 0.33289716748768466
1 0.3570274014778324 0.7697044334975368 0.4032096674876846 0.7052416871921181 0.3474060960591132 0.6600215517241379 0.2944889162561576 0.7254464285714285
1 0.3599137931034482 0.804341133004926 0.4137931034482758 0.7187115147783251 0.4686345443349753 0.7552724753694581 0.4157173645320196 0.8447506157635467
1 0.41667949507389157 0.8466748768472906 0.4484298029556649 0.7841363916256157 0.46671028325123143 0.792795566502463 0.48306650246305405 0.7706665640394088 0.5302108990147782 0.7995304802955664 0.5128925492610836 0.8332050492610836 0.5350215517241378 0.8437884852216748 0.4994227216748768 0.8986299261083742
1 0.4984605911330048 0.9101754926108373 0.5311730295566501 0.852447660098522 0.5802416871921181 0.8813115763546797 0.545604987684729 0.9361530172413792
0 0.8486761083743841 0.694658251231527 0.8044181034482758 0.7004310344827586 0.8111530172413792 0.7745150862068965 0.8602216748768472 0.766818041871921
0 0.5658097290640393 0.987145935960591 0.678379002463054 0.9852216748768472 0.677734375 0.998046875 0.564453125 0.998046875
1 0.25976562499999994 0.5108913177339901 0.2924780634236453 0.5108913177339901 0.2924780634236453 0.5426416256157635 0.25976562499999994 0.5426416256157635
