0 0.005573551829268331 0.16577743902439027 0.06940739329268297 0.20483993902439027 0.11990282012195125 0.11432926829268293 0.05892721036585369 0.07621951219512196
1 0.15515434451219517 0.39157774390243905 0.1684927591463415 0.4182545731707317 0.1980278201219513 0.3982469512195122 0.1808784298780488 0.3744283536585366
0 0.22565739329268297 0.43254573170731714 0.22279916158536595 0.465891768292683 0.24947599085365857 0.467797256097561 0.25519245426829273 0.43540396341463417
0 0.056068978658536606 0.547827743902439 0.0894150152439025 0.5583079268292683 0.0951314786585366 0.5240091463414634 0.06178544207317077 0.5173399390243902
0 0.23327934451219512 0.5259146341463415 0.2637671493902439 0.5306783536585367 0.27043635670731714 0.5001905487804879 0.23804306402439024 0.49542682926829273
0 0.2199409298780488 0.619283536585366 0.24947599085365857 0.625952743902439 0.2561451981707318 0.5907012195121951 0.22565739329268297 0.5821265243902439
0 0.10180068597560982 0.7698170731707318 0.13514672256097565 0.7745807926829269 0.13991044207317077 0.739329268292683 0.10942263719512196 0.7345655487804879
0 0.3676162347560976 0.7317073170731708 0.4000095274390244 0.6935975609756098 0.4590796493902439 0.7469512195121952 0.4324028201219513 0.7841082317073171
1 0.578172637195122 0.46398628048780494 0.6353372713414634 0.502096036585366 0.6724942835365855 0.44112042682926833 0.615329649390244 0.4087271341463415
1 0.7210842225609757 0.48494664634146345 0.7620522103658538 0.5030487804878049 0.770626905487805 0.467797256097561 0.7344226371951221 0.45350609756097565
1 0.7248951981707319 0.5964176829268293 0.8335080030487805 0.6516768292682927 0.8611375762195124 0.5792682926829269 0.7582412347560976 0.5354420731707318
