1 0.3300877463054186 0.6792641625615763 0.4022475369458127 0.7158251231527093 0.4426570197044334 0.6282712438423644 0.3781942733990147 0.5859374999999999
1 0.42630080049261077 0.6715671182266009 0.4426570197044334 0.6773399014778324 0.4224522783251231 0.7187115147783251 0.4695966748768472 0.7466133004926108 0.5177032019704433 0.6619458128078817 0.4426570197044334 0.6301955049261083
1 0.5215517241379309 0.6638700738916256 0.5956357758620688 0.6985067733990147 0.544642857142857 0.7879849137931033 0.47248306650246297 0.75623460591133
0 0.6014085591133004 0.7129387315270935 0.667795566502463 0.7571967364532018 0.60621921182266 0.839939963054187 0.5600369458128078 0.804341133004926 0.5917872536945812 0.7629695197044334 0.5773552955665023 0.7504618226600984
1 0.678379002463054 0.7639316502463053 0.7351447044334973 0.8139624384236452 0.6764547413793103 0.8918950123152708 0.6379695197044334 0.8611068349753693 0.6139162561576353 0.889970751231527 0.6004464285714285 0.8755387931034482
1 0.7928725369458127 0.9419258004926108 0.8246228448275861 0.889008620689655 0.8429033251231526 0.9005541871921181 0.8525246305418719 0.8861222290640393 0.9294950738916254 0.9486607142857142 0.898706896551724 0.9958051108374383 0.8717672413793103 0.975600369458128 0.8592595443349753 0.988108066502463
1 0.9275708128078817 0.8197352216748768 0.998046875 0.87109375 0.998046875 0.81640625 0.9612453817733988 0.7725908251231526
1 0.3281634852216748 0.8024168719211822 0.4070581896551724 0.864955357142857 0.44746767241379304 0.8101139162561576 0.41667949507389157 0.7822121305418718 0.4041717980295566 0.7966440886699506 0.3570274014778324 0.7591209975369457
1 0.264662869458128 0.8909328817733989 0.2088592980295566 0.9544334975369457 0.22329125615763545 0.9659790640394087 0.20116225369458118 0.9977293719211822 0.294921875 0.998046875 0.3387469211822659 0.9457743226600984
1 0.2675492610837438 0.8822737068965516 0.34259544334975356 0.950584975369458 0.4118688423645319 0.8611068349753693 0.3300877463054186 0.8024168719211822
1 0.4349599753694581 0.9804110221674875 0.4522783251231526 0.9544334975369457 0.48402863300492605 0.9727139778325122 0.520589593596059 0.9361530172413792 0.6014085591133004 0.9900323275862067 0.5965979064039407 0.9977293719211822 0.4705588054187191 0.9977293719211822
1 0.5186653325123152 0.9284559729064038 0.6023706896551723 0.9861838054187191 0.6408559113300492 0.9323044950738915 0.5571505541871921 0.8707281403940885
0 0.74609375 0.998046875 0.7909482758620687 0.9448121921182265 0.862145935960591 0.9977293719211822
0 0.9766394704433496 0.974638238916256 0.9609375 0.998046875 0.998046875 0.998046875
