1 0.598610101744186 0.6222747093023255 0.6531159156976744 0.7222020348837209 0.5955820009689923 0.7615673449612403 0.5229075823643411 0.6555838178294573
0 0.8756813226744187 0.5692829457364341 0.8575127180232558 0.6722383720930233 0.9362433381782946 0.6843507751937984 0.9468416908914727 0.5904796511627907
1 0.7409308381782946 0.3966812015503876 0.7681837451550386 0.5162911821705426 0.674312621124031 0.5208333333333334 0.6561440164728682 0.420906007751938
1 0.8756813226744187 0.046935562015503876 0.8756813226744187 0.1968265503875969 0.7590994428294573 0.14383478682170542 0.7727258963178294 0.04390746124031008
1 0.7363886870155039 0.28766957364341084 0.7469870397286822 0.3618580426356589 0.6394894622093023 0.3527737403100775 0.6258630087209303 0.28615552325581395
0 0.479000121124031 0.6555838178294573 0.5441042877906976 0.7888202519379844 0.4547753149224806 0.8221293604651163 0.39118519864341084 0.6979772286821705
1 0.5380480862403101 0.9069161821705426 0.6561440164728682 0.8372698643410853 0.7212481831395348 0.8296996124031008 0.8090631056201549 0.9750484496124031 0.755859375 0.998046875 0.6016382025193798 0.9962451550387597
1 0.659502001231527 0.06253848522167486 0.6989493534482758 0.0962130541871921 0.7460937499999999 0.06253848522167486 0.7056842672413792 0.02693965517241379
0 0.9698179649014778 0.03271243842364532 0.998046875 0.03271243842364532 0.998046875 0.111328125 0.9698179649014778 0.111328125
1 0.00383890086206895 0.9005541871921181 0.05579395012315269 0.9005541871921181 0.05579395012315269 0.9967672413793103 0.00383890086206895 0.9967672413793103
