1 0.0805678419874365 0.30072919053347075 0.042716582297514016 0.4263953727040135 -0.0017510775862069061 0.4080299415024631 0.013949624933172922 0.28558868665750176
1 0.16407764050387597 0.3194646317829457 0.13076853197674415 0.44815891472868213 0.06717841569767441 0.44058866279069764 0.09291727228682167 0.31340843023255816
1 0.26400496608527135 0.33006298449612403 0.2155553536821705 0.46481346899224807 0.15347928779069764 0.4345324612403101 0.19133054748062012 0.3103803294573643
1 0.31699672965116277 0.3785125968992248 0.2973140746124031 0.47692587209302323 0.2291818071705426 0.45572916666666663 0.2730892684108527 0.360343992248062
1 0.5804414970930233 0.436046511627907 0.554702640503876 0.5390019379844961 0.47597202034883723 0.5162911821705426 0.5123092296511628 0.42242005813953487
1 0.6682564195736433 0.44664486434108525 0.6470597141472868 0.570796996124031 0.5804414970930233 0.5420300387596899 0.6016382025193798 0.42999031007751937
1 0.7424448885658914 0.48146802325581395 0.7333605862403101 0.570796996124031 0.6697704699612402 0.5617126937984496 0.6833969234496123 0.46481346899224807
1 0.9695524467054264 0.7433987403100775 0.943813590116279 0.8478682170542635 0.8756813226744187 0.8251574612403101 0.9059623304263567 0.7161458333333333
0 0.8363160125968991 0.45270106589147285 0.8181474079457365 0.5919937015503876 0.7545572916666667 0.5723110465116279 0.7742399467054264 0.44664486434108525
0 0.7121638808139534 0.6601259689922481 0.6833969234496123 0.7979045542635659 0.6031522529069767 0.7706516472868217 0.6394894622093023 0.6525557170542635
1 0.6182927567829457 0.646499515503876 0.5910398498062015 0.7585392441860465 0.524421632751938 0.7388565891472868 0.5516745397286822 0.6298449612403101
0 0.45931746608527124 0.6131904069767442 0.4214662063953488 0.7161458333333333 0.3548479893410853 0.7010053294573643 0.3805868459302325 0.5950218023255813
0 0.35939014050387597 0.5995639534883721 0.3381934350775193 0.6994912790697674 0.2700611676356589 0.6782945736434108 0.2944023245073891 0.5859374999999999
1 0.27763141957364335 0.5768531976744186 0.24735041182170536 0.6813226744186046 0.18376029554263562 0.6631540697674418 0.21165909790640391 0.5666948891625615
1 0.19738674903100772 0.5450581395348837 0.15650738856589147 0.6813226744186046 0.09897347383720928 0.6586119186046512 0.13531068313953487 0.5268895348837209
1 0.1171420784883721 0.5344597868217054 0.08080486918604651 0.6283309108527132 0.03084120639534882 0.5935077519379844 0.04446765988372092 0.5162911821705426
0 0.25037851259689925 0.7040334302325582 0.20344295058139533 0.8645227713178294 0.13379663275193798 0.8342417635658914 0.17921814437984496 0.6873788759689923
0 0.32153888081395343 0.7600532945736433 0.2867157218992248 0.8887475775193798 0.21252725290697672 0.8554384689922481 0.2450592180365297 0.7357662671232877
1 0.4078397529069767 0.7994186046511628 0.3715025436046512 0.9023740310077519 0.30791242732558133 0.8811773255813953 0.33516533430232553 0.7797359496124031
0 0.4843942426108373 0.8091517857142856 0.4555303263546797 0.9197967980295565 0.3851289970930233 0.8917756782945736 0.41319658251231517 0.8014547413793103
1 0.6561440164728682 0.8584665697674418 0.6258630087209303 0.9629360465116279 0.5577307412790697 0.946281492248062 0.584983648255814 0.8342417635658914
1 0.7379027374031006 0.8796632751937984 0.7061076792635659 0.9932170542635659 0.6412215209359605 0.9602062807881773 0.674312621124031 0.8584665697674418
0 0.4805141715116279 0.4269622093023256 0.44569101259689925 0.5072068798449613 0.4002695009689923 0.4935804263565891 0.42752240794573637 0.4072795542635659
0 0.9180747335271318 0.4860101744186046 0.8983920784883721 0.5844234496124031 0.8317738614341086 0.5692829457364341 0.8575127180232558 0.46481346899224807
0 0.9937772529069766 0.5026647286821705 0.9786367490310077 0.6086482558139534 0.9180747335271318 0.5874515503875969 0.9347292877906976 0.49055232558139533
0 0.8741672722868217 0.7085755813953488 0.8257176598837208 0.8690649224806202 0.7363886870155039 0.841812015503876 0.792408551356589 0.6873788759689923
0 0.15045118701550386 0.7418846899224806 0.1171420784883721 0.841812015503876 0.04446765988372092 0.8160731589147286 0.07172056686046513 0.7176598837209303
0 0.8196614583333333 0.916000484496124 0.792408551356589 0.9977592054263565 0.7257903343023255 0.9735343992248062 0.7606134932170543 0.8932897286821705
0 0.9301871366279069 0.9175145348837209 0.892578125 0.998046875 0.8151193071705427 0.9962451550387597 0.8469143653100775 0.8932897286821705
1 0.6788547722868217 0.07267441860465117 0.674312621124031 0.16503149224806202 0.48959847383720934 0.14989098837209303 0.494140625 0.06964631782945736
0 0.9180747335271318 0.060562015503875966 0.9059623304263567 0.16503149224806202 0.8272317102713178 0.1483769379844961 0.8317738614341086 0.05904796511627907
0 0.45360606527093583 0.6417410714285714 0.440136237684729 0.6677185960591132 0.45456819581280783 0.6792641625615763 0.44572274543379 0.689390696347032 0.44109836822660087 0.7321813423645319 0.5065232450738916 0.7533482142857142 0.5305765086206896 0.6398168103448275 0.46322737068965514 0.6263469827586207
1 0.6316002155172413 0.2376462438423645 0.7393588362068965 0.2376462438423645 0.7393588362068965 0.3223137315270936 0.6316002155172413 0.3223137315270936
0 0.7191540948275861 0.6888854679802955 0.6999114839901477 0.7725908251231526 0.7605257081280787 0.7860606527093595 0.780730449507389 0.7042795566502462
0 0.4940155480295566 0.8101139162561576 0.4651516317733989 0.9063269704433496 0.5459705972906403 0.9284559729064038 0.5767587746305418 0.8274322660098521
0 0.30594789100985215 0.48202740147783246 0.33096328509852213 0.3752309113300492 0.42140355603448265 0.39543565270935954 0.3877289870689654 0.4935729679802955
