0 0.702373798076923 0.5626502403846154 0.8067908653846153 0.5709134615384616 0.810546875 0.45072115384615385 0.7038762019230769 0.4484675480769231
0 0.389873798076923 0.1502403846153846 0.47400841346153844 0.13596754807692307 0.49278846153846156 0.24714543269230768 0.41466346153846156 0.2584134615384615 0.4064002403846154 0.19681490384615383 0.3936298076923077 0.19606370192307693
0 0.06685697115384615 0.14122596153846154 0.11268028846153844 0.23963341346153846 0.205078125 0.19756610576923075 0.16225961538461536 0.11042668269230768 0.146484375 0.11643629807692307 0.1397235576923077 0.10141225961538461 0.07361778846153846 0.12920673076923075
0 0.04206730769230768 0.004507211538461538 0.06385216346153846 0.078125 0.1607572115384615 0.05108173076923077 0.14723557692307693 0.001502403846153846
0 0.031550480769230754 0.6422776442307692 0.07211538461538461 0.6670673076923077 0.10516826923076922 0.6077223557692307 0.07887620192307693 0.5926983173076923 0.04657451923076922 0.614483173076923
1 0.13521634615384615 0.712890625 0.13897235576923078 0.7782451923076923 0.22010216346153844 0.7850060096153846 0.22385817307692307 0.7136418269230769
0 0.14948918269230765 0.6790865384615384 0.20658052884615385 0.7173978365384616 0.24714543269230765 0.6520432692307692 0.18855168269230765 0.6189903846153846
0 0.20282451923076922 0.5979567307692307 0.2486478365384615 0.6497896634615384 0.28846153846153844 0.6092247596153846 0.24188701923076922 0.5626502403846154
0 0.36207932692307687 0.565655048076923 0.44696514423076916 0.6002103365384616 0.5003004807692307 0.4852764423076923 0.4266826923076923 0.4484675480769231
0 0.7271634615384615 0.9968449519230769 0.731670673076923 0.9307391826923077 0.9585336538461537 0.9450120192307692 0.953125 0.998046875
