1 0.0876308497536945 0.08370535714285714 0.07319889162561571 0.12988762315270935 0.14151016009852213 0.14335745073891623 0.1588285098522167 0.09428879310344826
1 0.15979064039408863 0.16548645320197042 0.167487684729064 0.2010852832512315 0.21078355911330038 0.19531249999999997 0.20308651477832507 0.15394088669950737
1 0.0876308497536945 0.6388546798029556 0.15786637931034475 0.5657327586206896 0.1982758620689654 0.6071043719211822 0.13188885467980288 0.6754156403940886
1 0.08859298029556645 0.7379541256157635 0.07031249999999994 0.7369919950738916 0.06069119458128075 0.8255080049261083 0.1443965517241379 0.839939963054187 0.15979064039408863 0.7446890394088669
1 0.11360837438423638 0.9794488916256157 0.15690424876847286 0.914986145320197 0.23579895320197042 0.9727139778325122 0.220703125 0.998046875 0.146484375 0.998046875
1 0.28005695812807874 0.7947198275862069 0.2925646551724137 0.8938192733990147 0.3656865763546797 0.8726524014778324 0.3493303571428571 0.7725908251231526 0.3089208743842363 0.7812499999999999 0.3127693965517241 0.7860606527093595
1 0.2531173029556649 0.6927339901477831 0.2675492610837438 0.7860606527093595 0.35125461822660087 0.7716286945812807 0.33297413793103436 0.6763777709359605
1 0.386853448275862 0.18472906403940884 0.37242149014778314 0.2289870689655172 0.44746767241379304 0.2549645935960591 0.46671028325123143 0.2049338054187192
1 0.48499076354679793 0.1914639778325123 0.509044027093596 0.12700123152709358 0.544642857142857 0.146243842364532 0.5561884236453201 0.11930418719211822 0.5908251231527093 0.13469827586206895 0.5542641625615763 0.22513854679802953
1 0.5658097290640393 0.22706280788177338 0.5985221674876846 0.15875153940886697 0.6706819581280787 0.18569119458128078 0.6456665640394087 0.2655480295566502
1 0.6447044334975368 0.2876770320197044 0.6649091748768472 0.24053263546798026 0.6735683497536945 0.24341902709359603 0.6841517857142856 0.22032789408866993 0.7284097906403939 0.23668411330049258 0.7245612684729064 0.25881311576354676 0.7370689655172413 0.26651016009852213 0.7207127463054186 0.3136545566502463
0 0.7380310960591132 0.3107681650246305 0.7736299261083743 0.21647937192118225 0.8409790640394088 0.24341902709359603 0.8044181034482758 0.34444273399014774
1 0.8159636699507389 0.3550261699507389 0.8323198891625614 0.30307112068965514 0.9054418103448274 0.32808651477832507 0.8890855911330047 0.3829279556650246
0 0.39839901477832507 0.3136545566502463 0.41956588669950734 0.26362376847290636 0.4811422413793103 0.28960129310344823 0.45708897783251223 0.34444273399014774
0 0.6004464285714285 0.4031326970443349 0.6110298645320196 0.3665717364532019 0.6514393472906402 0.3848522167487684 0.6360452586206895 0.4233374384236453
1 0.6225754310344827 0.4425800492610837 0.6495150862068965 0.3838900862068965 0.7216748768472905 0.4233374384236453 0.6976216133004924 0.47721674876847286
1 0.7418796182266008 0.48491379310344823 0.7630464901477831 0.41756465517241376 0.8409790640394088 0.44161791871921174 0.8121151477832511 0.5176262315270935
0 0.837130541871921 0.4945350985221674 0.8515624999999998 0.4464285714285714 0.9439270320197042 0.47817887931034475 0.9266086822660098 0.5349445812807881 0.837130541871921 0.5089670566502462
0 0.9410406403940885 0.5214747536945812 0.9573968596059113 0.47240609605911327 0.9968442118226599 0.48202740147783246 0.9949199507389161 0.53590671182266
0 0.6389316502463053 0.042333743842364525 0.7130157019704433 0.07119766009852216 0.7438038793103448 0.0009621305418719211 0.655287869458128 0.0019242610837438422
0 0.813077278325123 0.11545566502463053 0.8438654556650245 0.03848522167487684 0.910252463054187 0.0644627463054187 0.8785021551724137 0.146243842364532
0 0.9006311576354677 0.11353140394088669 0.9160252463054186 0.07119766009852216 0.9804879926108372 0.09909944581280787 0.959321120689655 0.16741071428571427 0.9092903325123152 0.1452817118226601 0.9160252463054186 0.12122844827586206
0 0.9795258620689653 0.1683728448275862 0.998046875 0.115234375 0.998046875 0.17578125
1 0.9112145935960589 0.3829279556650246 0.9285329433497536 0.33001077586206895 0.9862607758620687 0.35406403940886694 0.97182881773399 0.4031326970443349
0 0.7312961822660098 0.06927339901477832 0.7755541871921181 0.08947814039408866 0.8092287561576352 0.01731834975369458 0.763671875 0.0
1 0.5369458128078817 0.9563577586206895 0.593711514778325 0.9419258004926108 0.5763931650246304 0.8688038793103448 0.5215517241379309 0.8822737068965516
0 0.6793411330049259 0.8553340517241378 0.7303340517241379 0.9303802339901477 0.7409174876847289 0.9159482758620688 0.7332204433497536 0.9034405788177339 0.7909482758620687 0.8582204433497536 0.7534251847290638 0.7976062192118225
0 0.7495766625615763 0.9467364532019703 0.7880618842364531 0.9948429802955664 0.8602216748768472 0.9476985837438422 0.8178879310344827 0.8947814039408866
0 0.7880618842364531 0.8726524014778324 0.8092287561576352 0.9005541871921181 0.8429033251231526 0.8765009236453201 0.8217364532019702 0.8495612684729063
1 0.9333435960591132 0.8091517857142856 0.9429649014778323 0.864955357142857 0.9891471674876846 0.8514855295566501 0.9766394704433496 0.7985683497536945
0 0.5302108990147782 0.9640548029556649 0.5840902093596058 0.9486607142857142 0.5927493842364531 0.9438500615763545 0.609375 0.998046875 0.5379079433497536 0.9967672413793103
1 0.07897167487684725 0.5128155788177339 0.022205972906403915 0.4522013546798029 0.003925492610837411 0.46663331280788173 7.697044334969982e-05 0.6032558497536945
