1 0.7967691656403939 0.29537407635467977 0.8977928725369457 0.29537407635467977 0.9045277863300492 0.3550261699507389 0.8612319119458127 0.3607989532019704 0.820822429187192 0.3646474753694581 0.7948449045566501 0.37234451970443344 0.7938827740147782 0.3502155172413793
1 0.5918353602216748 0.19819889162561574 0.6822756311576353 0.20782019704433494 0.6909348060344827 0.2693965517241379 0.5870247075123152 0.2742072044334975
1 0.8035040794334973 0.23668411330049258 0.9006792641625614 0.23475985221674875 0.9035656557881773 0.2857527709359606 0.8593076508620687 0.2972983374384236 0.7977312961822658 0.29152555418719206 0.7929206434729064 0.2549645935960591 0.8044662099753694 0.2511160714285714
1 0.6341691040640393 0.525323275862069 0.7274957666256157 0.5041564039408867 0.7371170720443349 0.5426416256157635 0.7371170720443349 0.5657327586206896 0.6928590671182265 0.5820889778325122 0.6418661483990147 0.5792025862068965 0.6293584513546797 0.53590671182266
1 0.637055495689655 0.5840132389162561 0.736154941502463 0.5811268472906403 0.7438519858374383 0.6301955049261083 0.6880484144088669 0.6378925492610836 0.6399418873152708 0.6378925492610836
1 0.637055495689655 0.7158251231527093 0.7409655942118225 0.7119766009852216 0.7457762469211822 0.7581588669950738 0.7284578971674875 0.7812499999999999 0.662070889778325 0.7735529556650246 0.6283963208128078 0.7725908251231526
1 0.2762565424876847 0.5272475369458127 0.3609240301724137 0.524361145320197 0.3811287715517241 0.5628463669950738 0.3416814193349753 0.5888238916256157 0.2675973676108374 0.5984451970443349 0.259900323275862 0.5811268472906403 0.26278671490147776 0.5570735837438423
0 0.8429514316502461 0.10391009852216751 0.8997171336206895 0.05965209359605908 0.917997613916256 0.09236453201970443 0.9353159636699506 0.11256927339901476 0.9795739685960589 0.13662253694581278 0.9468615301724137 0.15778940886699505 0.9295431804187191 0.18376693349753692
0 0.5697063577586206 0.3502155172413792 0.6909348060344827 0.3502155172413792 0.6909348060344827 0.4204510467980295 0.5697063577586206 0.4204510467980295
0 0.8429514316502461 0.10391009852216751 0.8997171336206895 0.05965209359605908 0.917997613916256 0.09236453201970443 0.9353159636699506 0.11256927339901476 0.9795739685960589 0.13662253694581278 0.9468615301724137 0.15778940886699505 0.9295431804187191 0.18376693349753692
0 0.5851004464285714 0.2761314655172413 0.6880484144088669 0.2761314655172413 0.6880484144088669 0.3319350369458128 0.5851004464285714 0.3319350369458128
1 0.7938827740147782 0.17318349753694579 0.8968307419950737 0.17318349753694579 0.8968307419950737 0.22898706896551727 0.7938827740147782 0.22898706896551727
0 0.6042853294334973 0.0634428879310345 0.6610510314039407 0.019184883004926073 0.6793315116995072 0.051897321428571425 0.7409078663793102 0.09615532635467977 0.7081954279556649 0.11732219827586203 0.6908770782019703 0.14329972290640386
0 0.8054283405172413 0.378117302955665 0.9083763084975367 0.378117302955665 0.9083763084975367 0.45893626847290636 0.8054283405172413 0.45893626847290636
0 0.4244246459359605 0.5926724137931033 0.528334744458128 0.5926724137931033 0.528334744458128 0.644627463054187 0.4244246459359605 0.644627463054187
0 0.4244246459359605 0.5926724137931033 0.528334744458128 0.5926724137931033 0.528334744458128 0.644627463054187 0.4244246459359605 0.644627463054187
0 0.4176897321428571 0.5272475369458126 0.5215998306650246 0.5272475369458126 0.5215998306650246 0.5792025862068964 0.4176897321428571 0.5792025862068964
0 0.4282731681034482 0.6571351600985219 0.5321832666256157 0.6571351600985219 0.5321832666256157 0.7090902093596056 0.4282731681034482 0.7090902093596056
0 0.4273110375615762 0.728332820197044 0.5292968749999999 0.728332820197044 0.5292968749999999 0.792795566502463 0.4273110375615762 0.792795566502463
0 0.4273110375615762 0.728332820197044 0.5292968749999999 0.728332820197044 0.5292968749999999 0.792795566502463 0.4273110375615762 0.792795566502463
0 0.28202932573891615 0.8736145320197041 0.38401516317733986 0.8736145320197041 0.38401516317733986 0.938077278325123 0.28202932573891615 0.938077278325123
0 0.4330838208128077 0.9371151477832509 0.5350696582512314 0.9371151477832509 0.5350696582512314 1.00157789408867 0.4330838208128077 1.00157789408867
0 0.4225003848522165 0.8668796182266005 0.5244862222906402 0.8668796182266005 0.5244862222906402 0.9313423645320195 0.4225003848522165 0.9313423645320195
0 0.4225003848522165 0.8668796182266005 0.5244862222906402 0.8668796182266005 0.5244862222906402 0.9313423645320195 0.4225003848522165 0.9313423645320195
0 0.4273110375615763 0.7995304802955661 0.529296875 0.7995304802955661 0.529296875 0.863993226600985 0.4273110375615763 0.863993226600985
0 0.4273110375615763 0.7995304802955661 0.529296875 0.7995304802955661 0.529296875 0.863993226600985 0.4273110375615763 0.863993226600985
0 0.28106719519704426 0.8043411330049258 0.38305303263546797 0.8043411330049258 0.38305303263546797 0.8688038793103448 0.28106719519704426 0.8688038793103448
0 0.28202932573891604 0.5955588054187191 0.38401516317733975 0.5955588054187191 0.38401516317733975 0.660021551724138 0.28202932573891604 0.660021551724138
0 0.28202932573891604 0.5955588054187191 0.38401516317733975 0.5955588054187191 0.38401516317733975 0.660021551724138 0.28202932573891604 0.660021551724138
0 0.28202932573891604 0.5955588054187191 0.38401516317733975 0.5955588054187191 0.38401516317733975 0.660021551724138 0.28202932573891604 0.660021551724138
0 0.28202932573891604 0.5955588054187191 0.38401516317733975 0.5955588054187191 0.38401516317733975 0.660021551724138 0.28202932573891604 0.660021551724138
0 0.2772186730295564 0.6677185960591132 0.3792045104679801 0.6677185960591132 0.3792045104679801 0.7321813423645321 0.2772186730295564 0.7321813423645321
0 0.28010506465517226 0.7369919950738916 0.382090902093596 0.7369919950738916 0.382090902093596 0.8014547413793105 0.28010506465517226 0.8014547413793105
0 0.2772186730295566 0.9438500615763545 0.3869015548029556 0.9438500615763545 0.3869015548029556 1.0012026631773394 0.2772186730295566 1.0012026631773394
0 0.06747421490147781 0.9573198891625615 0.15983874692118222 0.9573198891625615 0.15983874692118222 1.0028671490147771 0.06747421490147781 1.0028671490147771
0 0.06266356219211822 0.8851600985221675 0.16080087746305416 0.8851600985221675 0.16080087746305416 0.9438500615763545 0.06266356219211822 0.9438500615763545
0 0.06458782327586204 0.8206973522167488 0.162725138546798 0.8206973522167488 0.162725138546798 0.8793873152709358 0.06458782327586204 0.8793873152709358
0 0.06651208435960587 0.7437269088669951 0.16464939963054182 0.7437269088669951 0.16464939963054182 0.8024168719211822 0.06651208435960587 0.8024168719211822
0 0.058815040024630505 0.6754156403940887 0.15695235529556645 0.6754156403940887 0.15695235529556645 0.7341056034482758 0.058815040024630505 0.7341056034482758
0 0.053042256773398966 0.6080665024630543 0.1511795720443349 0.6080665024630543 0.1511795720443349 0.6667564655172413 0.053042256773398966 0.6667564655172413
0 0.046307342980295485 0.5387931034482759 0.14444465825123143 0.5387931034482759 0.14444465825123143 0.597483066502463 0.046307342980295485 0.597483066502463
0 0.6399418873152707 0.7889470443349753 0.7380792025862066 0.7889470443349753 0.7380792025862066 0.8476370073891624 0.6399418873152707 0.8476370073891624
0 0.6524495843596058 0.8601447044334976 0.7505868996305417 0.8601447044334976 0.7505868996305417 0.9188346674876846 0.6524495843596058 0.9188346674876846
0 0.6582223676108372 0.9332666256157636 0.7563596828817731 0.9332666256157636 0.7563596828817731 0.9919565886699506 0.6582223676108372 0.9919565886699506
0 0.905489916871921 0.2328355911330049 0.9372402247536944 0.2328355911330049 0.9372402247536944 0.25881311576354676 0.905489916871921 0.25881311576354676
0 0.8516106065270934 0.6446274630541872 0.9016413947044333 0.6224984605911329 0.9295431804187191 0.6744535098522166 0.8747017395320196 0.7062038177339901
0 0.5939036165730337 0.11073560393258428 0.6904626053370786 0.144750702247191 0.6926571278089888 0.18864115168539325 0.5862227879213483 0.16669592696629212
0 0.013452422752809001 0.3729810393258427 0.020035990168539297 0.4454002808988764 0.0 0.44921875 0.0 0.369140625
0 0.021133251404494402 0.5375702247191011 0.033203125 0.6110867275280899 0.0 0.607421875 0.0 0.52734375
0 0.0002852879213482984 0.7164238061797753 0.0178414676966292 0.7295909410112359 0.0178414676966292 0.8129827949438202 0.0 0.8125 0.0 0.71875 0.0 0.701171875
1 0.004674332865168551 0.9479459269662922 0.021133251404494402 0.9435568820224718 0.02223051264044945 0.886499297752809 0.0013825491573033477 0.8854020365168539
1 0.012355161516853952 0.9622103230337078 0.017578125 0.998046875 0.0 0.998046875 0.0 0.9453125
1 0.0156469452247191 0.867845856741573 0.0 0.865234375 0.0 0.818359375 0.02223051264044945 0.8261499297752809
1 0.009063377808988748 0.6604634831460674 0.0013825491573033477 0.6582689606741573 0.0 0.65234375 0.0 0.609375 0.01454968398876405 0.6165730337078652 0.020035990168539297 0.6626580056179775
0 0.7593568313953489 0.029705668604651167 0.727561773255814 0.07739825581395349 0.6503452034883721 0.02516351744186046 0.662109375 0.0 0.7423237645348837 0.00018168604651162823
1 0.9024345930232558 0.04446765988372092 0.9535337936046513 0.014943677325581398 0.998046875 0.0625 0.998046875 0.115234375 0.9841933139534884 0.12509084302325582
1 0.961482558139535 0.003588299418604654 0.998046875 0.001953125 0.998046875 0.05078125
1 0.7684411337209303 0.024027979651162795 0.8002361918604652 0.002452761627906974 0.7578125 0.0
