1 0.4350080818965516 0.0009621305418719211 0.6755407173645319 0.0009621305418719211 0.6755407173645319 0.16067580049261082 0.4350080818965516 0.16067580049261082
0 0.6428282789408866 0.18857758620689652 0.8169739070197044 0.18857758620689652 0.8169739070197044 0.3069196428571428 0.6428282789408866 0.3069196428571428
0 0.8718153479064037 0.42718596059113295 0.9920816656403939 0.42718596059113295 0.9920816656403939 0.5666948891625615 0.8718153479064037 0.5666948891625615
0 0.7044046336206895 0.05387931034482758 0.8362165178571428 0.05387931034482758 0.8362165178571428 0.16260006157635465 0.7044046336206895 0.16260006157635465
0 0.8063904710591132 0.11256927339901476 0.9016413947044333 0.11256927339901476 0.9016413947044333 0.21263084975369456 0.8063904710591132 0.21263084975369456
0 0.857383389778325 0.1683728448275862 0.9497479217980294 0.1683728448275862 0.9497479217980294 0.25400246305418717 0.857383389778325 0.25400246305418717
0 0.9449372690886697 0.228515625 0.998046875 0.228515625 0.998046875 0.31846520935960587 0.9449372690886697 0.31846520935960587
0 0.8612319119458127 0.020204741379310342 0.9959301878078817 0.020204741379310342 0.9959301878078817 0.14335745073891623 0.8612319119458127 0.14335745073891623
0 0.0033289716748768072 0.792795566502463 0.1745882081280788 0.792795566502463 0.1745882081280788 0.9717518472906402 0.0033289716748768072 0.9717518472906402
0 0.8544969981527093 0.9034405788177339 0.998046875 0.9034405788177339 0.998046875 0.99609375 0.8544969981527093 0.99609375
0 0.006215363300492577 0.6484759852216748 0.08895858990147781 0.7013931650246304 0.13514085591133002 0.6138392857142856 0.0023668411330048933 0.5282096674876847
