0 0.12132466133004924 0.09717518472906403 0.09342287561576354 0.10775862068965517 0.11940040024630541 0.146243842364532 0.1424915332512315 0.13181188423645318 0.15788562192118225 0.14239532019704432 0.23678032635467977 0.09044027093596058 0.1963708435960591 0.043295874384236446
1 0.20503001847290636 0.25207820197044334 0.25121228448275856 0.31846520935960587 0.31086437807881767 0.27997998768472904 0.26949276477832507 0.21936576354679801
0 0.636064501231527 0.37426878078817727 0.6399130233990147 0.44065578817733986 0.7409367302955664 0.4377693965517241 0.7303532943349753 0.36753386699507384
0 0.7553686884236452 0.6561730295566501 0.8150207820197043 0.7264085591133004 0.8602409174876846 0.6802262931034482 0.8025130849753693 0.609028633004926
1 0.9429841440886697 0.4445043103448275 0.9198930110837437 0.5060806650246304 0.9968634544334973 0.5445658866995073 0.9987877155172411 0.46951970443349744
0 0.9882042795566501 0.8553340517241378 0.9381734913793103 0.9044027093596058 0.998046875 0.95703125
1 0.7168834667487683 0.8582204433497536 0.7149592056650246 0.8832358374384235 0.6774361145320196 0.8928571428571428 0.6918680726600984 0.9794488916256157 0.7717249076354679 0.962130541871921 0.758255080049261 0.8967056650246304 0.7832704741379309 0.878425184729064 0.7611414716748768 0.8447506157635467
1 0.6235568041871921 0.6686807266009851 0.6264431958128078 0.8341671798029555 0.7072621613300492 0.8332050492610836 0.6947544642857142 0.6879233374384236 0.6658905480295566 0.6869612068965516 0.6639662869458127 0.6657943349753693
1 0.648572198275862 0.17029710591133002 0.6822467672413792 0.21166871921182265 0.6408751539408866 0.24149476600985217 0.6023899322660096 0.19819889162561571
0 0.4296875 0.0 0.39168334359605905 0.03752309113300492 0.4513354371921182 0.07504618226600984 0.4888585283251231 0.03944735221674876
1 0.41381234605911327 0.13662253694581278 0.4436383928571428 0.1818426724137931 0.5427378386699506 0.12603910098522167 0.5148360529556649 0.08370535714285714
1 0.952605449507389 0.13662253694581278 0.8862184421182265 0.1876154556650246 0.9179687499999999 0.22032789408866993 0.9882042795566501 0.16067580049261082
1 0.793853910098522 0.024053263546798025 0.8390740455665023 0.07985683497536945 0.8900669642857142 0.03848522167487684 0.8612030480295565 0.0 0.8102101293103448 0.0009621305418719211
0 0.3166371613300492 0.9929187192118225 0.3060537253694581 0.9361530172413792 0.37340286330049255 0.9197967980295565 0.39453125 0.998046875
1 0.263671875 0.0 0.2916217672413793 0.043295874384236446 0.36859221059113295 0.012507697044334973 0.36859221059113295 0.00119304187192118
1 0.7755734298029555 0.9977293719211822 0.8333012623152708 0.9351908866995072 0.8785213977832511 0.9717518472906402 0.8535060036945812 0.9967672413793103
0 0.9381734913793103 0.9967672413793103 0.9689616687192117 0.9698275862068965 0.998046875 0.994140625
0 0.9064231834975368 0.7244842980295566 0.998046875 0.814453125 0.998046875 0.7109375 0.9708859298029555 0.670604987684729
