0 0.51171875 0.45748197115384615 0.5718149038461539 0.5416165865384616 0.6446814903846153 0.4875300480769231 0.5860877403846153 0.41015625
0 0.6146334134615384 0.5799278846153846 0.6544471153846153 0.6129807692307692 0.6995192307692308 0.5536358173076923 0.666466346153846 0.5213341346153846
1 0.657451923076923 0.23212139423076922 0.7190504807692308 0.25991586538461536 0.744591346153846 0.2862079326923077 0.7618689903846154 0.3192608173076923 0.7618689903846154 0.36283052884615385 0.7321717210591132 0.39543565270935954 0.7025240384615383 0.43569711538461536 0.6168870192307692 0.3650841346153846 0.658203125 0.3094951923076923 0.6131310096153846 0.2764423076923077
0 0.16541466346153844 0.24038461538461536 0.24879807692307687 0.32527043269230765 0.18194110576923073 0.400390625 0.12860576923076922 0.35456730769230765 0.14137620192307693 0.3357872596153846 0.10531850961538458 0.3057391826923077
0 0.11508413461538458 0.10141225961538461 0.028695913461538436 0.1630108173076923 0.07977764423076922 0.24263822115384615 0.1669170673076923 0.16676682692307693
0 0.40279447115384615 0.08864182692307691 0.39978966346153844 0.15099158653846154 0.43810096153846156 0.15625 0.43209134615384615 0.1953125 0.5432692307692307 0.19381009615384615 0.5395132211538461 0.12845552884615385 0.5222355769230769 0.10216346153846154
0 0.7107872596153846 0.634765625 0.7806490384615383 0.556640625 0.921875 0.6655649038461539 0.8580228365384615 0.7369290865384616 0.7971754807692308 0.6896033653846153 0.7874098557692308 0.6986177884615384
0 0.21349158653846156 0.7947716346153846 0.3103966346153846 0.809795673076923 0.33067908653846156 0.7046274038461539 0.2578125 0.6956129807692307 0.2518028846153846 0.7309194711538461 0.2217548076923077 0.7279146634615384 0.208984375 0.8015324519230769
0 0.7400841346153846 0.9615384615384615 0.8182091346153846 0.9930889423076923 0.8527644230769231 0.8954326923076923 0.7783954326923077 0.8706430288461539
0 0.46364182692307687 0.6813401442307692 0.41932091346153844 0.9006911057692307 0.49744591346153844 0.9224759615384615 0.5087139423076923 0.8751502403846153 0.5425180288461539 0.87890625 0.5838341346153846 0.7008713942307692
0 0.5943509615384615 0.712890625 0.5582932692307692 0.8405949519230769 0.6153846153846153 0.8518629807692307 0.6469350961538461 0.7301682692307692
0 0.10456730769230765 0.6603064903846153 0.07827524038461536 0.7309194711538461 0.14888822115384615 0.7594651442307692 0.18118990384615385 0.6858473557692307 0.130859375 0.6573016826923077
1 0.622941040640394 0.11256927339901476 0.6883659174876846 0.043295874384236446 0.6633505233990147 0.004810652709359605 0.6306380849753693 0.0038485221674876844 0.5642510775862069 0.06350061576354679
0 0.06779171798029554 0.9842595443349752 0.08703432881773393 0.8995920566502462 0.15726985837438417 0.9169104064039407 0.134765625 0.998046875
0 0.20922490763546792 0.9948429802955664 0.22942964901477825 0.9217210591133004 0.2823468288177339 0.9409636699507388 0.2717633928571428 0.9938808497536945
0 0.9183151169950738 0.9775246305418718 0.9558382081280787 0.9323044950738915 0.998046875 0.96875 0.974609375 0.998046875 0.9375 0.998046875
0 0.004291102216748749 0.7187115147783251 0.07260237068965514 0.7110144704433496 0.06971597906403937 0.7899091748768472 0.0023668411330048933 0.7908713054187191
0 0.9173529864532017 0.29441194581280783 0.9365955972906403 0.39928417487684725 0.998046875 0.384765625 0.9972098214285712 0.35310190886699505 0.9827778633004924 0.2857527709359606
1 0.9163908559113298 0.025977524630541867 0.9385198583743841 0.11834205665024629 0.998046875 0.1015625 0.998046875 0.0
0 0.3453952432266009 0.6667564655172413 0.4185171644088669 0.6667564655172413 0.4185171644088669 0.7533482142857142 0.3453952432266009 0.7533482142857142
0 0.3434709821428571 0.9602062807881773 0.431640625 0.9602062807881773 0.431640625 0.998046875 0.3434709821428571 0.998046875
0 0.454115994458128 0.9361530172413792 0.4926012161330049 0.9361530172413792 0.4926012161330049 0.9688654556650245 0.454115994458128 0.9688654556650245
0 0.5714959205665023 0.8832358374384235 0.6282616225369457 0.8832358374384235 0.6282616225369457 0.9351908866995072 0.5714959205665023 0.9351908866995072
0 0.9448025708128078 0.719673645320197 0.9948333589901477 0.719673645320197 0.9948333589901477 0.7639316502463053 0.9448025708128078 0.7639316502463053
