0 0.290889303482587 0.0 0.22189832089552236 0.07190609452736317 0.34044620646766166 0.18170864427860695 0.47939987562189046 0.05344371890547263 0.4162391169154228 0.0019434079601990048
0 0.3637671019900497 0.19434079601990048 0.46676772388059695 0.3226057213930348 0.6212686567164178 0.18462375621890545 0.5085509950248756 0.07482120646766169
1 0.5794853855721392 0.0417832711442786 0.6533348880597014 0.1234064054726368 0.7611940298507461 0.029151119402985072 0.7291277985074626 0.0 0.5911458333333333 0.002915111940298507 0.6105799129353233 0.022349191542288555
0 0.7845149253731343 0.032066231343283576 0.7378731343283581 0.0787080223880597 0.7466184701492536 0.08550995024875621 0.6708255597014925 0.17587842039800994 0.6980332711442785 0.21183146766169153 0.6883162313432835 0.21960509950248755 0.7563355099502487 0.2847092661691542 0.8486473880597014 0.18365205223880596 0.8729399875621889 0.20114272388059698 0.9011194029850744 0.17393501243781093 0.8603078358208954 0.1234064054726368 0.8292133084577114 0.09231187810945272 0.8428171641791044 0.07773631840796019
0 0.49980565920398 0.3585587686567164 0.6465329601990049 0.4809934701492537 0.7611940298507461 0.3342661691542288 0.683457711442786 0.28276585820895517 0.6144667288557213 0.37702114427860695 0.5386738184079601 0.3158037935323383
0 0.8243547885572138 0.4887671019900497 0.7466184701492536 0.587880907960199 0.876826803482587 0.6782493781094526 0.9623367537313432 0.5402674129353233 0.931242226368159 0.5130597014925372 0.9409592661691542 0.4945973258706467 0.8632229477611939 0.4576725746268656
1 0.998046875 0.51171875 0.8777985074626864 0.6831078980099502 1.001875388681592 0.755859375
1 0.17136971393034822 0.21668998756218902 0.040189676616915415 0.3507851368159204 0.12861473880597013 0.45572916666666663 0.10918065920398007 0.47321983830845765 0.13541666666666663 0.49654073383084574 0.29963463930348255 0.3381529850746268
0 0.29963463930348255 0.5324937810945273 0.3793143656716418 0.4586442786069651 0.4191542288557213 0.4945973258706467 0.3336442786069651 0.5752487562189054
0 0.33558768656716415 0.578163868159204 0.3929182213930348 0.638409514925373 0.3793143656716418 0.6442397388059701 0.42401274875621886 0.6850513059701492 0.45024875621890537 0.6665889303482586 0.47939987562189046 0.6918532338308457 0.5153529228855721 0.6597870024875622 0.4852300995024875 0.6286924751243781 0.5250699626865671 0.5937111318407959 0.42304104477611937 0.4945973258706467
0 0.01784048507462685 0.6559001865671641 0.03338774875621889 0.609258395522388 0.07905783582089551 0.6189754353233831 0.09460509950248755 0.5684468283582089 0.14221859452736313 0.5801072761194029 0.21703980099502485 0.6636738184079601 0.12861473880597013 0.7443252487562189 0.054765236318407934 0.6656172263681591
0 0.13541666666666663 0.822061567164179 0.22870024875621886 0.7161458333333333 0.22675684079601988 0.6879664179104477 0.24910603233830841 0.6627021144278606 0.27048351990049746 0.6753342661691542 0.2879741915422885 0.6578435945273631 0.3103233830845771 0.6724191542288557 0.30643656716417905 0.7307213930348258 0.3783426616915422 0.8133162313432835 0.26270988805970147 0.9454679726368158
1 0.41040889303482575 1.0008453824626868 0.45316386815920384 0.9308826958955224 0.49591884328358193 0.961005519278607 0.5211831467661691 0.9221373600746269 0.561994713930348 0.9464299595771145 0.540617226368159 0.9833547108208955 0.5697683457711441 1.0027887904228856
0 0.7718827736318407 0.8589863184079601 0.732042910447761 0.9270055970149252 0.8369869402985074 0.99599657960199 0.880713619402985 0.9289490049751242 0.9108364427860696 0.9444962686567163 0.9409592661691542 0.9036847014925372 0.8836287313432836 0.8716184701492536 0.8661380597014924 0.9046564054726367 0.8369869402985074 0.8920242537313432 0.8515624999999999 0.8619014303482586 0.8010338930348258 0.8346937189054725 0.7884017412935322 0.8619014303482586
0 0.9516480099502487 0.9231187810945273 0.890625 0.998046875 0.998046875 0.99609375 0.998046875 0.94921875
0 0.004236629353233823 0.22543532338308456 0.002293221393034811 0.09328358208955223 0.0450481965174129 0.0835665422885572 0.05962375621890545 0.12923662935323382 0.08780317164179102 0.16518967661691542 0.10723725124378106 0.1574160447761194 0.14319029850746268 0.19822761194029848 0.09363339552238803 0.2497279228855721 0.06059546019900494 0.25264303482587064
0 0.5367304104477612 0.833722014925373 0.5843439054726367 0.8667599502487561 0.6397310323383084 0.7793065920398009 0.689287935323383 0.7734763681592038 0.7194107587064675 0.8026274875621889 0.6581934079601989 0.8803638059701492 0.69511815920398 0.9143734452736317 0.7845149253731343 0.7919387437810944 0.681514303482587 0.7151741293532338 0.6193252487562189 0.7268345771144278 0.6261271766169153 0.7569574004975124 0.6193252487562189 0.7666744402985074 0.6066930970149252 0.7550139925373134
