0 0.041448583743842304 0.06831126847290639 7.697044334969982e-05 0.06831126847290639 0.0 0.064453125 0.0010391009852216415 0.0 0.048183497536945785 0.0038485221674876844
0 0.2377232142857142 0.10006157635467978 0.30795874384236444 0.1048722290640394 0.3185421798029556 0.04522013546798029 0.2386853448275862 0.036560960591133
0 0.3098830049261083 0.14913023399014777 0.30603448275862066 0.1741456280788177 0.31565578817733986 0.17606988916256155 0.313731527093596 0.1924261083743842 0.3320120073891625 0.1962746305418719 0.33393626847290636 0.22513854679802953 0.3753078817733989 0.2337977216748768 0.386853448275862 0.15586514778325122
0 0.6796875 0.0 0.6264239532019703 0.0019242610837438422 0.6928109605911328 0.08755387931034482 0.7861376231527093 0.01731834975369458 0.77651631773399 0.0
0 0.12322967980295563 0.5599599753694581 0.18288177339901468 0.4714439655172413 0.2733220443349753 0.5301339285714285 0.21366995073891615 0.6119150246305418
0 0.15016933497536938 0.33578355911330043 0.24734451970443339 0.4069812192118226 0.2944889162561576 0.33963208128078815 0.19731373152709353 0.2674722906403941
1 0.2098214285714285 0.7090902093596059 0.26177647783251223 0.7206357758620688 0.28967826354679793 0.6513623768472906 0.2261776477832511 0.6378925492610836
1 0.41764162561576346 0.6811884236453201 0.4205280172413792 0.7591209975369457 0.4763315886699506 0.7523860837438423 0.4715209359605911 0.670604987684729
1 0.7707435344827585 0.8668796182266009 0.7736299261083743 0.9650169334975368 0.8275092364532017 0.9688654556650245 0.8275092364532017 0.9092133620689654 0.8284713669950738 0.8678417487684728 0.8024938423645318 0.8630310960591132 0.8034559729064037 0.8697660098522166
0 0.0010391009852216415 0.7350677339901477 0.00969827586206895 0.7408405172413792 0.021243842364531973 0.7167872536945812 0.045297105911330016 0.7244842980295566 0.0029633620689654694 0.816848830049261
1 0.9343057266009851 0.8957435344827586 0.9429649014778323 0.8947814039408866 0.9362299876847289 0.8466748768472906 0.998046875 0.841796875 0.998046875 0.9296875 0.9391163793103448 0.9371151477832511
1 0.005849753694581239 0.31750307881773393 0.07897167487684725 0.3367456896551724 0.05876693349753692 0.4098676108374384 0.0029633620689654694 0.3915871305418719
1 0.569658251231527 0.974638238916256 0.605257081280788 0.9813731527093594 0.6110298645320196 0.9602062807881773 0.6726062192118225 0.9784867610837438 0.666015625 0.998046875 0.5703125 0.998046875
