1 0.8938499273255813 0.5904796511627907 0.9347292877906976 0.6661821705426356 0.8287457606589146 0.7040334302325582 0.7908945009689923 0.6389292635658914
1 0.9407854893410852 0.6813226744186046 0.9634962451550386 0.7252301356589147 0.854484617248062 0.78125 0.8196614583333333 0.7161458333333333
1 0.9619821947674418 0.7479408914728682 0.8590267684108528 0.7903343023255813 0.8726532218992247 0.8402979651162791 0.9831789001937985 0.7994186046511628
1 0.974094597868217 0.8191012596899224 0.884765625 0.856952519379845 0.9256449854651163 0.9220566860465116 0.998046875 0.8828125
1 0.7363886870155039 0.7751937984496123 0.7606134932170543 0.8296996124031008 0.6879390746124031 0.8614946705426356 0.6561440164728682 0.8100169573643411
1 0.6864250242248062 0.6934350775193798 0.7242762839147288 0.7645954457364341 0.6107225048449613 0.8130450581395349 0.5789274467054263 0.7494549418604651
0 0.41541000484496127 0.8327277131782945 0.4502331637596899 0.9281128875968992 0.4002695009689923 0.946281492248062 0.3533339389534883 0.8524103682170543
1 0.344249636627907 0.8705789728682171 0.3790727955426356 0.9477955426356589 0.3275950823643411 0.9720203488372092 0.29125787306201545 0.8948037790697674
1 0.3260810319767442 0.6480135658914729 0.37453064437984496 0.7312863372093023 0.3245669815891473 0.7615673449612403 0.2730892684108527 0.6646681201550387
1 0.18073219476744184 0.7222020348837209 0.23978015988372092 0.8175872093023255 0.17619004360465113 0.8433260658914729 0.12017017926356588 0.7388565891472868
1 0.10805777616279066 0.7524830426356589 0.16256359011627908 0.8508963178294573 0.10654372577519378 0.8796632751937984 0.053551962209302306 0.7751937984496123
0 0.18527434593023256 0.5601986434108527 0.2291818071705426 0.646499515503876 0.17013384205426357 0.676780523255814 0.12925448158914726 0.5844234496124031
1 0.03084120639534882 0.38759689922480617 0.08080486918604651 0.49660852713178294 0.01872880329457366 0.5178052325581395 0.0 0.470703125 0.0020742490310077244 0.4133357558139535
1 0.17921814437984496 0.3270348837209302 0.22312560562015504 0.4345324612403101 0.16256359011627908 0.46178536821705424 0.09745942344961239 0.3467175387596899 0.15650738856589147 0.3118943798449612
1 0.2428082606589147 0.3028100775193798 0.29277192344961234 0.40122335271317827 0.2412942102713178 0.4148498062015504 0.19435864825581395 0.32854893410852715
0 0.8136052567829457 0.436046511627907 0.8575127180232558 0.5132630813953488 0.7409308381782946 0.5617126937984496 0.7136779312015504 0.47995397286821706
1 0.1110858769379845 0.5859375 0.15499333817829458 0.6782945736434108 0.1110858769379845 0.7085755813953488 0.05658006298449614 0.6101623062015503
1 0.27914546996124034 0.9054021317829457 0.3094264777131783 0.9856468023255813 0.283687621124031 0.9977592054263565 0.24583636143410847 0.991703003875969 0.22009750484496127 0.931140988372093
1 0.7742399467054264 0.8554384689922481 0.8090631056201549 0.9281128875968992 0.7151919815891472 0.9750484496124031 0.6576580668604651 0.9144864341085271
0 0.03507927955665019 0.3877386083743842 0.1033905480295566 0.35117764778325117 0.1611183805418719 0.4608605295566502 0.08703432881773393 0.49549722906403937
0 0.19190655788177335 0.548414408866995 0.25252078201970435 0.658097290640394 0.3198699199507389 0.6080665024630542 0.2582935652709359 0.5157019704433496
0 0.26502847906403937 0.5080049261083743 0.3092864839901477 0.5897860221674877 0.37952201354679793 0.5493765394088669 0.33237761699507384 0.48202740147783246
0 0.3285290948275862 0.4810652709359605 0.3920297105911329 0.4579741379310344 0.4314770628078817 0.5291717980295566 0.3708628386699506 0.5503386699507389
1 0.42281788793103436 0.8187730911330048 0.48150785098522164 0.9361530172413792 0.5440463362068965 0.9053648399014778 0.4853563731527093 0.7908713054187191
0 0.4930534174876846 0.7937576970443349 0.5565540332512314 0.7600831280788176 0.6065848214285713 0.8813115763546797 0.5469327278325122 0.9072891009852215
0 0.005763161945812778 0.1231527093596059 0.12699161022167482 0.1231527093596059 0.12699161022167482 0.27324507389162556 0.005763161945812778 0.27324507389162556
0 0.5195408713054186 0.09717518472906403 0.649428494458128 0.09717518472906403 0.649428494458128 0.17703201970443347 0.5195408713054186 0.17703201970443347
1 0.5599503540640394 0.15297875615763545 0.6965728910098521 0.15297875615763545 0.6965728910098521 0.24053263546798026 0.5599503540640394 0.24053263546798026
0 0.5974734451970443 0.23957050492610835 0.7061941964285713 0.23957050492610835 0.7061941964285713 0.31269242610837433 0.5974734451970443 0.31269242610837433
0 0.6648225831280787 0.3482912561576354 0.8101042949507388 0.3482912561576354 0.8101042949507388 0.44065578817733986 0.6648225831280787 0.44065578817733986
