0 0.1579144858374384 0.8274322660098521 0.29068850061576346 0.8274322660098521 0.29068850061576346 0.9948429802955664 0.1579144858374384 0.9948429802955664
0 0.42923529864532006 0.12603910098522167 0.5071678725369457 0.12603910098522167 0.5071678725369457 0.1635621921182266 0.42923529864532006 0.1635621921182266
0 0.45040217056650234 0.09236453201970442 0.5215998306650246 0.09236453201970442 0.5215998306650246 0.1375846674876847 0.45040217056650234 0.1375846674876847
0 0.46868265086206895 0.055803571428571425 0.540842441502463 0.055803571428571425 0.540842441502463 0.10102370689655171 0.46868265086206895 0.10102370689655171
0 0.48503887007389157 0.015394088669950737 0.5369939193349753 0.015394088669950737 0.5369939193349753 0.057727832512315266 0.48503887007389157 0.057727832512315266
0 0.5062057419950738 0.0019242610837438422 0.5745170104679802 0.0019242610837438422 0.5745170104679802 0.030788177339901475 0.5062057419950738 0.030788177339901475
0 0.6270988805970148 0.07992384904296253 0.6851620227832511 0.07992384904296253 0.6851620227832511 0.27013370646766166 0.6270988805970148 0.27013370646766166
0 0.5812519242610836 0.0019242610837438422 0.7265336360837438 0.0019242610837438422 0.7265336360837438 0.06253848522167486 0.5812519242610836 0.06253848522167486
0 0.9322139303482586 0.4090873756218905 1.0007676461442787 0.4090873756218905 1.0007676461442787 0.5968205845771144 0.9322139303482586 0.5968205845771144
0 0.8700248756218905 0.8968827736318407 0.998046875 0.8968827736318407 0.998046875 0.974609375 0.8700248756218905 0.974609375
