1 0.4903371710526315 0.08018092105263157 0.6188322368421051 0.09765625 0.6280838815789473 0.003083881578947368 0.5006167763157894 0.0010279605263157894
1 0.47183388157894735 0.16961348684210525 0.47902960526315785 0.13260690789473684 0.5006167763157894 0.14185855263157893 0.5098684210526315 0.10176809210526315 0.6116365131578947 0.11307565789473684 0.6023848684210525 0.18811677631578946
0 0.4821134868421052 0.27446546052631576 0.483141447368421 0.23951480263157893 0.5150082236842105 0.24465460526315788 0.5232319078947367 0.18606085526315788 0.6013569078947367 0.20559210526315788 0.5859374999999999 0.28371710526315785
1 0.4821134868421052 0.28371710526315785 0.47800164473684204 0.3772615131578947 0.5818256578947367 0.385485197368421 0.5890213815789473 0.28577302631578944
0 0.5067845394736842 0.4749177631578947 0.590049342105263 0.4749177631578947 0.5859374999999999 0.38137335526315785 0.4965049342105262 0.3752055921052631
1 0.483141447368421 0.4851973684210526 0.483141447368421 0.5520148026315789 0.5098684210526315 0.5540707236842105 0.5098684210526315 0.5540707236842105 0.5139802631578947 0.5746299342105263 0.5962171052631579 0.5602384868421052 0.5879934210526315 0.4780016447368421
0 0.5180921052631579 0.5890213815789473 0.5293996710526315 0.6671463815789473 0.6085526315789473 0.6496710526315789 0.595189144736842 0.5715460526315789
0 0.5078124999999999 0.7442434210526315 0.5304276315789473 0.804893092105263 0.6435032894736841 0.7668585526315789 0.6136924342105263 0.6794819078947368 0.5293996710526315 0.6949013157894737 0.5437911184210525 0.7298519736842105
1 0.5376233552631579 0.8162006578947368 0.5746299342105262 0.8994654605263157 0.6722861842105263 0.8562911184210525 0.6383634868421051 0.770970394736842
1 0.5777138157894736 0.9015213815789473 0.5921052631578947 0.9457236842105262 0.5859374999999999 0.9529194078947367 0.600328947368421 0.9888980263157894 0.7051809210526314 0.941611842105263 0.6712582236842104 0.8583470394736842
1 0.7586348684210527 0.41015624999999994 0.7493832236842104 0.52734375 0.8223684210526314 0.5376233552631579 0.834703947368421 0.42249177631578944
1 0.7555509868421051 0.048314144736842105 0.7504111842105263 0.1254111842105263 0.824424342105263 0.1377467105263158 0.8326480263157894 0.054481907894736836
0 0.7483552631578947 0.6949013157894737 0.7791940789473684 0.770970394736842 0.7699424342105263 0.7781661184210525 0.8018092105263157 0.8532072368421052 0.810032894736842 0.8727384868421052 0.8038651315789473 0.8840460526315789 0.8953536184210524 0.8367598684210525 0.8223684210526314 0.6599506578947368
0 0.8018092105263157 0.8799342105263157 0.8388157894736841 0.9477796052631579 0.927220394736842 0.9056332236842105 0.8974095394736841 0.834703947368421
1 0.83984375 0.9631990131578947 0.9354440789473684 0.9179687499999999 0.9703947368421051 0.9817023026315789 0.94921875 0.998046875 0.859375 0.998046875
1 0.8943256578947367 0.6650904605263157 0.91796875 0.7092927631578947 0.932360197368421 0.7051809210526315 0.9477796052631577 0.7504111842105262 0.998046875 0.732421875 0.998046875 0.728515625 0.9868421052631577 0.6805098684210525 0.9703947368421051 0.6363075657894737
0 0.9477796052631577 0.765830592105263 0.95703125 0.8018092105263157 0.985814144736842 0.7997532894736842 0.99609375 0.8264802631578947 0.998046875 0.740234375
1 0.961143092105263 0.8604029605263157 0.9971217105263157 0.966282894736842 0.998046875 0.92578125 0.998046875 0.8359375 0.9827302631578947 0.8418996710526315 0.9878700657894737 0.8562911184210525
0 0.3453947368421052 0.05550986842105263 0.45847039473684204 0.078125 0.4677220394736842 0.003083881578947368 0.3536184210526315 0.003083881578947368
0 0.34128289473684204 0.06270559210526315 0.33717105263157887 0.15316611842105263 0.43379934210526305 0.16961348684210525 0.44510690789473684 0.08634868421052631
1 0.3258634868421052 0.15625 0.3207236842105262 0.23334703947368418 0.42660361842105254 0.23848684210526314 0.43277138157894735 0.1747532894736842
1 0.31763980263157887 0.25390625 0.3125 0.3495065789473684 0.43482730263157887 0.3495065789473684 0.43277138157894735 0.25390625
0 0.3135279605263157 0.3587582236842105 0.3145559210526315 0.4286595394736842 0.39987664473684204 0.42968749999999994 0.39370888157894735 0.34745065789473684 0.3145559210526315 0.3412828947368421
0 0.30838815789473684 0.4358552631578947 0.3196957236842105 0.5242598684210525 0.40810032894736836 0.5078125 0.39987664473684204 0.4348273026315789
1 0.307360197368421 0.5304276315789473 0.3310032894736842 0.6270559210526315 0.42660361842105254 0.6064967105263157 0.4091282894736842 0.5150082236842105
0 0.3330592105263157 0.6383634868421052 0.3433388157894737 0.7144325657894737 0.47800164473684204 0.6846217105263157 0.4553865131578947 0.6023848684210525
1 0.346422697368421 0.7277960526315789 0.36081414473684204 0.810032894736842 0.48416940789473684 0.7750822368421052 0.4687499999999999 0.7000411184210525
1 0.365953947368421 0.815172697368421 0.3916529605263157 0.9118009868421052 0.5180921052631579 0.8696546052631579 0.48622532894736836 0.78125
1 0.3967927631578947 0.9159128289473684 0.4317434210526315 0.9919819078947367 0.5530427631578947 0.9488075657894737 0.5232319078947367 0.8655427631578947
1 0.12849506578947367 0.7020970394736842 0.13877467105263153 0.7719983552631579 0.23026315789473684 0.7545230263157894 0.21689967105263153 0.6722861842105262 0.12643914473684204 0.6846217105263157
1 0.00616776315789469 0.9580592105263157 0.07812499999999994 0.8861019736842105 0.027754934210526272 0.8223684210526315 0.0010279605263157632 0.8501233552631579
1 0.004111842105263108 0.9817023026315789 0.10279605263157893 0.873766447368421 0.14083059210526316 0.9035773026315789 0.11924342105263153 0.9344161184210525 0.14083059210526316 0.961143092105263 0.107421875 0.998046875 0.00390625 0.998046875
0 0.10690789473684209 0.5859375 0.1171875 0.6938733552631579 0.21381578947368418 0.6805098684210525 0.1953125 0.5797697368421052
1 0.09560032894736836 0.49856085526315785 0.10485197368421051 0.5931332236842105 0.20353618421052633 0.5818256578947368 0.19222861842105254 0.4954769736842105
1 0.054481907894736836 0.4019325657894737 0.05653782894736836 0.4995888157894737 0.18503289473684204 0.5037006578947368 0.18400493421052633 0.39884868421052627
0 0.06578947368421051 0.3125 0.06887335526315785 0.4081003289473684 0.19222861842105254 0.405016447368421 0.19428453947368418 0.3114720394736842
0 0.07606907894736836 0.22101151315789472 0.07298519736842102 0.30324835526315785 0.1953125 0.3125 0.2025082236842105 0.22512335526315788
1 0.10896381578947367 0.13055098684210525 0.10485197368421051 0.2230674342105263 0.2025082236842105 0.23334703947368418 0.20559210526315785 0.12438322368421052
0 0.10896381578947367 0.022615131578947366 0.09354440789473678 0.11204769736842105 0.20662006578947367 0.12952302631578946 0.21278782894736836 0.09765625 0.21689967105263153 0.09765625 0.2220394736842105 0.08532072368421052 0.20764802631578938 0.08120888157894736 0.21484375 0.0390625
0 0.11307565789473684 0.01953125 0.23848684210526316 0.04523026315789473 0.24876644736842102 0.002055921052631579 0.1171875 0.002055921052631579
1 0.004111842105263108 0.09765625 0.03700657894736842 0.10896381578947367 0.052425986842105254 0.03597861842105263 0.0 0.0234375
0 0.005139802631578927 0.19325657894736842 0.04317434210526311 0.20148026315789472 0.00616776315789469 0.32277960526315785
