1 0.5687442272167487 0.3790794334975369 0.6880484144088669 0.2761314655172413 0.7294200277093594 0.32808651477832507 0.5995324045566501 0.44161791871921174
1 0.6120401016009851 0.11160714285714285 0.6351312346059113 0.08562961822660098 0.67457858682266 0.11064501231527092 0.7015182419950737 0.13469827586206895 0.7188365917487683 0.12603910098522167 0.7274957666256157 0.16163793103448273 0.7255715055418718 0.17895628078817732 0.7525111607142856 0.23572198275862066 0.723647244458128 0.25015394088669946 0.698631850369458 0.23475985221674875 0.6601466286945812 0.21166871921182265 0.6322448429802955 0.21936576354679801 0.6351312346059113 0.17703201970443347 0.6514874538177339 0.15586514778325122 0.6024187961822659 0.13950892857142855
0 0.24739262623152702 0.4858759236453201 0.3051204587438423 0.5195504926108374 0.33879502770935954 0.525323275862069 0.3436056804187191 0.5503386699507389 0.3628482912561576 0.5878617610837438 0.3974849907635467 0.6253848522167487 0.41191694889162556 0.6119150246305418 0.42923529864532006 0.634044027093596 0.41287907943349744 0.6446274630541872 0.44944004002463045 0.6821505541871921 0.455212823275862 0.7004310344827586 0.4629098676108373 0.7360298645320196 0.42923529864532006 0.7581588669950738 0.3974849907635467 0.7235221674876846 0.34649207204433485 0.6965825123152708 0.31185537253694573 0.6484759852216748 0.2858778479064039 0.5965209359605911 0.2579760621921182 0.5772783251231527 0.2406577124384236 0.56092210591133 0.23392279864532012 0.5320581896551724 0.22622575431034475 0.5051185344827586
0 0.09441387007389157 0.28479064039408863 0.12423991687192115 0.33001077586206895 0.14540678879310343 0.3155788177339901 0.1463689193349753 0.33482142857142855 0.14348252770935954 0.3521397783251231 0.162725138546798 0.3838900862068965 0.16464939963054182 0.4098676108374384 0.1280884390394088 0.43584513546798026 0.09730026169950734 0.4098676108374384 0.055928648399014735 0.3704202586206896 0.0453452124384236 0.31846520935960587
1 0.04726947352216743 0.597483066502463 0.08864108682266003 0.6350061576354679 0.08864108682266003 0.6754156403940886 0.12905056958128075 0.694658251231527 0.12712630849753692 0.7129387315270935 0.0453452124384236 0.7581588669950738 0.01936768780788173 0.7360298645320196 0.0 0.685546875 0.00012507697044333854 0.6388546798029556
0 0.16753579125615758 0.8447506157635467 0.2089074045566502 0.8062653940886698 0.235847059729064 0.8139624384236452 0.2589381927339901 0.7879849137931033 0.2781808035714285 0.8101139162561576 0.27240802032019695 0.852447660098522 0.2704837592364532 0.8918950123152708 0.1925511853448275 0.9284559729064038 0.15406596366995068 0.975600369458128 0.14733104987684725 0.9938808497536945 0.03764816810344823 0.9938808497536945 0.05689077894088668 0.962130541871921 0.10788369766009848 0.9178725369458127 0.12616417795566498 0.8803494458128078 0.15502809421182262 0.8697660098522166
1 0.4802282173645319 0.975600369458128 0.5052436114532018 0.9082512315270935 0.528334744458128 0.889970751231527 0.6226235375615763 0.8505233990147782 0.6360933651477831 0.8851600985221674 0.5937596213054186 0.9486607142857142 0.5697063577586206 0.9784867610837438 0.5139027863300492 0.9967672413793103
0 0.5677820966748768 0.8130003078817734 0.528334744458128 0.7966440886699506 0.551425877463054 0.7225600369458127 0.5677820966748768 0.7062038177339901 0.6235856681034482 0.6869612068965516 0.6341691040640393 0.6763777709359605 0.6553359759852215 0.6850369458128078 0.6447525400246304 0.7658559113300492 0.5841383158866994 0.803379002463054 0.5677820966748768 0.8235837438423644
1 0.5139027863300492 0.45893626847290636 0.5475773552955664 0.4156403940886699 0.5937596213054186 0.4483528325123152 0.6235856681034482 0.4887623152709359 0.6572602370689654 0.5445658866995073 0.6486010621921181 0.5763161945812807 0.6110779710591132 0.584975369458128 0.5735548799261083 0.56092210591133 0.5446909636699506 0.5522629310344827 0.5350696582512314 0.5214747536945812 0.5235240917487683 0.49549722906403937
0 0.23007427647783246 0.3377078201970443 0.23488492918719206 0.28863916256157635 0.29068850061576346 0.2472675492610837 0.3243630695812807 0.21936576354679801 0.3618861607142856 0.1876154556650246 0.36669681342364524 0.16548645320197042 0.3965228602216748 0.14335745073891623 0.4176897321428571 0.16163793103448273 0.4542506927339901 0.12122844827586206 0.4754175646551724 0.14720597290640391 0.4734933035714285 0.19338823891625614 0.45906134544334964 0.23187346059113298 0.41961399322660087 0.26169950738916253 0.38401516317733986 0.28479064039408863 0.3522648552955664 0.3242379926108374 0.3349465055418719 0.3482912561576354 0.28972637007389157 0.3482912561576354 0.2570139316502462 0.3800415640394088
0 0.08575469519704432 0.19531249999999997 0.028988993226600923 0.2145551108374384 0.02032981834975367 0.1597136699507389 0.054966517857142794 0.1327740147783251 0.07132273706896547 0.09717518472906403 0.1049973060344827 0.06061422413793103 0.15214170258620685 0.057727832512315266 0.1559902247536945 0.024053263546798025 0.18677840209359603 0.0038485221674876844 0.2223772321428571 0.007697044334975369 0.2512411483990147 0.029826046798029554 0.2454683651477832 0.06831126847290639 0.20794527401477825 0.11353140394088669 0.16176300800492605 0.1279633620689655 0.13867187499999994 0.15201662561576354 0.10692156711822653 0.18376693349753692
1 0.860445205479452 0.0020601455479452024 0.8591074486301371 0.0662724743150685 0.7708154965753424 0.035504066780821936 0.7066031678082192 0.031490796232876705 0.701171875 0.0
