1 0.7621275436046511 0.30129602713178294 0.7727258963178294 0.4148498062015504 0.704593628875969 0.42242005813953487 0.6682564195736433 0.30886627906976744
0 0.8650829699612403 0.46178536821705424 0.8469143653100775 0.5874515503875969 0.9468416908914727 0.6056201550387597 0.9786367490310077 0.49055232558139533
1 0.3124545784883721 0.44513081395348836 0.329109132751938 0.5162911821705426 0.22312560562015504 0.5601986434108527 0.1989007994186046 0.49055232558139533
1 0.5319918846899224 0.6056201550387597 0.5622728924418604 0.676780523255814 0.6818828730620154 0.6343871124031008 0.6364613614341085 0.5601986434108527
1 0.28974382267441856 0.7585392441860465 0.3699884932170543 0.8766351744186046 0.4684017684108527 0.7933624031007752 0.41541000484496127 0.705547480620155
0 0.28065952034883723 0.8463541666666666 0.3427355862403101 0.9387112403100775 0.21101320251937983 0.9962451550387597 0.16256359011627908 0.9977592054263565 0.13076853197674415 0.9432533914728682
0 0.06717841569767441 0.7100896317829457 0.1247123304263566 0.7767078488372093 0.05052386143410853 0.8463541666666666 0.0 0.791015625 0.0020742490310077244 0.7252301356589147 0.0686924660852713 0.646499515503876 0.10048752422480617 0.6631540697674418
1 0.4911125242248062 0.32097868217054265 0.554702640503876 0.40879360465116277 0.4820282218992248 0.4421027131782946 0.43357860949612403 0.3406613372093023
1 0.9029342296511627 0.8599806201550387 0.9559259932170543 0.9493095930232558 0.8817375242248062 0.9795906007751938 0.8393441133720929 0.8963178294573643
0 0.5183654312015503 0.007570251937984496 0.4517472141472868 0.01968265503875969 0.4684017684108527 0.09235707364341085 0.4350926598837209 0.10598352713178294 0.44266291182170536 0.14989098837209303 0.5516745397286822 0.13626453488372092
1 0.20192890019379844 0.09235707364341085 0.30639837693798444 0.09992732558139535 0.3109405281007752 0.003028100775193798 0.21858345445736438 0.003028100775193798
1 0.03538335755813954 0.4072795542635659 0.13531068313953487 0.4996366279069767 0.053551962209302306 0.570796996124031 0.0 0.4921875 0.0 0.431640625
0 0.21858345445736438 0.2543604651162791 0.17921814437984496 0.42242005813953487 0.30639837693798444 0.4421027131782946 0.3412215358527132 0.26647286821705424
0 0.48657037306201545 0.8175872093023255 0.5804414970930233 0.9826187015503876 0.4296875 0.998046875 0.44417696220930225 0.9750484496124031 0.3926992490310077 0.885719476744186
0 0.7151919815891472 0.7524830426356589 0.7999788032945736 0.8660368217054263 0.7242762839147288 0.9220566860465116 0.659172117248062 0.8433260658914729 0.6818828730620154 0.8191012596899224 0.6652283187984496 0.8054748062015503
1 0.7242762839147288 0.03785125968992248 0.7651556443798448 0.10598352713178294 0.6864250242248062 0.14232073643410853 0.6637142684108527 0.06964631782945736
0 0.4747729371921181 0.46374692118226596 0.5671374692118225 0.46374692118226596 0.5671374692118225 0.5397552339901477 0.4747729371921181 0.5397552339901477
