0 0.2869591346153846 0.7136418269230769 0.36583533653846156 0.7001201923076923 0.35907451923076916 0.6527944711538461 0.3733473557692307 0.6505408653846153 0.3650841346153846 0.594951923076923 0.3478064903846154 0.6009615384615384 0.34705528846153844 0.5844350961538461 0.2734375 0.6002103365384616
0 0.30123197115384615 0.4274338942307692 0.4033954326923077 0.48001802884615385 0.458984375 0.3778545673076923 0.360576923076923 0.33052884615384615
0 0.3327824519230769 0.3064903846153846 0.43118990384615385 0.3410456730769231 0.47400841346153844 0.2185997596153846 0.3733473557692307 0.1825420673076923
0 0.7624699519230769 0.2614182692307692 0.8158052884615384 0.2704326923076923 0.8728966346153846 0.2629206730769231 0.8991887019230769 0.17427884615384615 0.7895132211538461 0.15625
0 0.867638221153846 0.11944110576923077 0.9344951923076923 0.1404747596153846 0.9607872596153846 0.06310096153846154 0.8909254807692308 0.042818509615384616
0 0.0007512019230769273 0.47475961538461536 0.05183293269230768 0.4830228365384615 0.04657451923076922 0.5829326923076923 0.001502403846153827 0.5866887019230769
0 0.7542067307692307 0.5453725961538461 0.83984375 0.5626502403846154 0.8668870192307692 0.4875300480769231 0.8225661057692307 0.4792668269230769 0.8188100961538461 0.4905348557692307 0.7722355769230769 0.4830228365384615
0 0.7752403846153846 0.4169170673076923 0.888671875 0.4432091346153846 0.9134615384615383 0.3493088942307692 0.8022836538461539 0.322265625
0 0.03530649038461539 0.9825721153846153 0.13746995192307693 0.9585336538461539 0.11944110576923078 0.8330829326923077 0.05634014423076922 0.8458533653846153 0.05859375 0.8578725961538461 0.024038461538461536 0.8646334134615384
0 0.16676682692307693 0.23963341346153846 0.11117788461538458 0.3703425480769231 0.15399639423076922 0.400390625 0.12394831730769229 0.4462139423076923 0.18103966346153844 0.48152043269230765 0.21409254807692307 0.4334435096153846 0.18404447115384615 0.4139122596153846 0.21634615384615385 0.35456730769230765 0.224609375 0.3523137019230769 0.24564302884615385 0.30799278846153844 0.23362379807692307 0.2997295673076923 0.24188701923076922 0.2764423076923077
0 0.2309017087438423 0.9659790640394087 0.3203125 0.9659790640394087 0.3203125 0.998046875 0.2309017087438423 0.998046875
