0 0.13097483066502458 0.7090902093596059 0.12712630849753692 0.6802262931034482 0.16368726908866987 0.670604987684729 0.17908135775862066 0.7052416871921181 0.22430149322660092 0.7129387315270935 0.21949084051724133 0.7494996921182265 0.2040967518472906 0.7976062192118225 0.1925511853448275 0.8322429187192117 0.16368726908866987 0.8120381773399014 0.14733104987684725 0.8611068349753693 0.08094404248768466 0.853409790640394 0.09056534790640391 0.7013931650246304
1 0.259900323275862 0.32616225369458124 0.33013585283251223 0.28671490147783246 0.3676589439655171 0.3646474753694581 0.29068850061576346 0.40024630541871914
1 0.16080087746305416 0.3482912561576354 0.12712630849753692 0.2578509852216748 0.05977717056650245 0.28863916256157635 0.1049973060344827 0.38581434729064035
0 0.6803513700738915 0.39062499999999994 0.6947833282019703 0.4156403940886699 0.6688058035714285 0.44065578817733986 0.6466768011083742 0.40890548029556645
0 0.7130638084975368 0.3684959975369458 0.7448141163793103 0.3377078201970443 0.7813750769704433 0.37619304187192115 0.7986934267241379 0.4252616995073891 0.7794508158866993 0.5012700123152709 0.7130638084975368 0.48298953201970435 0.686124153325123 0.43680726600985215
0 0.6322448429802955 0.43584513546798026 0.64956319273399 0.4329587438423645 0.6447525400246304 0.46855757389162556 0.6784271089901477 0.4579741379310344 0.662070889778325 0.49838362068965514 0.6168507543103448 0.48491379310344823
0 0.7544354217980294 0.5599599753694581 0.7630945966748768 0.5868996305418719 0.7544354217980294 0.6561730295566501 0.6572602370689654 0.6359682881773399 0.6572602370689654 0.609028633004926 0.6678436730295565 0.6013315886699506 0.6611087592364531 0.5474522783251231
0 0.8631561730295565 0.6234605911330049 0.9353159636699506 0.6205741995073891 0.9391644858374382 0.6994689039408866 0.8631561730295565 0.6821505541871921
0 0.8660425646551724 0.75623460591133 0.9439751385467978 0.7812499999999999 0.9237703971674875 0.8380157019704433 0.8525727370689653 0.8149245689655171
0 0.8227466902709357 0.8514855295566501 0.9189597444581279 0.8688038793103448 0.9035656557881773 0.9448121921182265 0.7996555572660098 0.9332666256157635
1 0.7996555572660098 0.9467364532019703 0.8006176878078817 0.9977293719211822 0.7149880695812807 0.9977293719211822 0.7188365917487683 0.9467364532019703
0 0.7505868996305418 0.73121921182266 0.7813750769704433 0.803379002463054 0.7149880695812807 0.8351293103448275 0.686124153325123 0.75623460591133
0 0.638017626231527 0.7658559113300492 0.6813135006157635 0.7600831280788176 0.7024803725369457 0.8120381773399014 0.663033020320197 0.8235837438423644
0 0.6688058035714285 0.6677185960591132 0.7274957666256157 0.6754156403940886 0.7217229833743841 0.7418026477832511 0.6553359759852215 0.7235221674876846
