0 0.6918569711538461 0.48452524038461536 0.7279146634615384 0.5866887019230769 0.8120492788461539 0.5513822115384616 0.7722355769230769 0.44095552884615385
0 0.6557992788461539 0.42142427884615385 0.7158954326923077 0.3981370192307692 0.7046274038461539 0.3463040865384615 0.64453125 0.36959134615384615
1 0.4326923076923077 0.6557992788461539 0.4462139423076923 0.7399338942307692 0.5243389423076923 0.7211538461538461 0.5130709134615384 0.6355168269230769
1 0.20588631465517238 0.4704818349753694 0.3069100215517241 0.462784790640394 0.30874399038461536 0.3523137019230769 0.19606370192307693 0.36283052884615385
1 0.22986778846153844 0.3132512019230769 0.33954326923076916 0.3245192307692308 0.3538161057692307 0.19681490384615383 0.23212139423076922 0.185546875
1 0.23813100961538458 0.006760817307692307 0.244140625 0.1337139423076923 0.341045673076923 0.12920673076923075 0.3357872596153846 0.001502403846153846
1 0.014272836538461536 0.2561598557692308 0.024789663461538464 0.3508112980769231 0.11192908653846151 0.34329927884615385 0.1171875 0.2088341346153846 0.0390625 0.21559495192307693 0.0390625 0.25015024038461536
1 0.01652644230769229 0.3996394230769231 0.001502403846153827 0.5130709134615384 0.03680889423076922 0.5213341346153846 0.09164663461538458 0.4972956730769231 0.09465144230769229 0.4071514423076923
0 0.20733173076923078 0.6400240384615384 0.2614182692307692 0.7587139423076923 0.39212740384615385 0.7204026442307692 0.38536658653846156 0.6708233173076923 0.3455528846153846 0.576171875
0 0.009765625 0.6227463942307692 0.08037860576923075 0.6573016826923077 0.0390625 0.7181490384615384 0.0 0.6971153846153846 0.0022536057692307543 0.6370192307692307
0 0.19080528846153844 0.7842548076923077 0.2118389423076923 0.8991887019230769 0.263671875 0.8849158653846153 0.2629206730769231 0.8533653846153846 0.2801983173076923 0.83984375 0.26893028846153844 0.7669771634615384
1 0.22761418269230765 0.8946814903846153 0.20132211538461536 0.975811298076923 0.287109375 0.998046875 0.3094951923076923 0.99609375 0.32752403846153844 0.9397536057692307 0.3094951923076923 0.9352463942307692 0.3147536057692307 0.9149639423076923
0 0.048096905788177324 0.6985067733990147 0.12218095751231522 0.6985067733990147 0.12218095751231522 0.7639316502463053 0.048096905788177324 0.7639316502463053
0 0.004801031403940864 0.0019242610837438422 0.10582473830049258 0.0019242610837438422 0.10582473830049258 0.09236453201970442 0.004801031403940864 0.09236453201970442
