1 0.41287907943349744 0.49645935960591125 0.4734933035714285 0.5436037561576355 0.45713708435960587 0.6176878078817734 0.3618861607142856 0.5801647167487683
0 0.3897879464285714 0.766818041871921 0.4706069119458127 0.7119766009852216 0.5196755695812807 0.8130003078817734 0.39459859913793094 0.8976677955665023 0.3676589439655171 0.8601447044334974 0.4071062961822659 0.8264701354679802 0.40325777401477825 0.7985683497536945
0 0.5995324045566501 0.5541871921182265 0.6562981065270935 0.5561114532019704 0.6822756311576353 0.6398168103448275 0.6360933651477831 0.6398168103448275 0.5860625769704433 0.6205741995073891
0 0.5841383158866994 0.44546644088669946 0.5918353602216748 0.3752309113300492 0.663033020320197 0.3973599137931034 0.6543738454433496 0.462784790640394
1 0.18485414100985215 0.21359298029556648 0.2223772321428571 0.2376462438423645 0.1944754464285714 0.30499538177339897 0.14733104987684725 0.2761314655172413
0 0.12905056958128075 0.3829279556650246 0.15887661637931028 0.3983220443349753 0.13770974445812806 0.4329587438423645 0.11365648091133002 0.4098676108374384
0 0.2040967518472906 0.1048722290640394 0.2666352370689654 0.036560960591133 0.31762815578817727 0.09525092364532019 0.2608624538177339 0.16163793103448273
0 0.12231565578817727 0.05291717980295566 0.1810056188423645 0.011545566502463052 0.21852870997536938 0.05387931034482758 0.2089074045566502 0.08755387931034482 0.16657366071428564 0.11353140394088669 0.12712630849753692 0.06253848522167486
0 0.07420912869458124 0.00865917487684729 0.09056534790640391 0.01924261083743842 0.03957242918719206 0.04810652709359605 0.03957242918719206 0.08370535714285714 0.08575469519704432 0.06061422413793103 0.18389201046798026 0.0009621305418719211
1 0.44398475985221664 0.3973599137931034 0.42378001847290636 0.48010314039408863 0.4920912869458127 0.5012700123152709 0.5094096366995073 0.41275400246305416
