0 0.5506310096153846 0.4011418269230769 0.5769230769230769 0.44921875 0.595703125 0.4387019230769231 0.6159855769230769 0.4695012019230769 0.6415264423076923 0.47025240384615385 0.6813401442307692 0.44771634615384615 0.6212439903846153 0.3523137019230769
0 0.380859375 0.7662259615384616 0.409405048076923 0.8135516826923077 0.47325721153846156 0.7662259615384616 0.44095552884615385 0.7166466346153846
0 0.19606370192307693 0.7624699519230769 0.22310697115384615 0.8052884615384616 0.29597355769230765 0.7436899038461539 0.26517427884615385 0.703125
0 0.48302283653846156 0.5866887019230769 0.5446213942307692 0.604717548076923 0.5671574519230769 0.5416165865384616 0.5048076923076923 0.5220853365384616
0 0.7279146634615384 0.08037860576923077 0.6941105769230769 0.1524939903846154 0.7451923076923077 0.17503004807692307 0.7774939903846153 0.0908954326923077
0 0.38161057692307687 0.3883713942307692 0.4514723557692307 0.4304387019230769 0.4822716346153846 0.3831129807692308 0.46349158653846156 0.3680889423076923 0.4807692307692307 0.3357872596153846 0.42743389423076916 0.3072415865384615 0.380108173076923 0.3846153846153846
0 0.45748197115384615 0.31850961538461536 0.5386117788461539 0.3312800480769231 0.5506310096153846 0.23287259615384615 0.4717548076923077 0.22310697115384615
0 0.024789663461538464 0.224609375 0.087890625 0.2681790865384615 0.04056490384615383 0.3387920673076923 0.024789663461538464 0.33052884615384615 0.01577524038461539 0.33804086538461536 0.001502403846153827 0.3245192307692308 0.001502403846153827 0.25540865384615385
1 0.030799278846153827 0.3913762019230769 0.034555288461538464 0.45222355769230765 0.09239783653846151 0.4439603365384615 0.08263221153846154 0.3831129807692308
0 0.2576622596153846 0.9630408653846153 0.25390625 0.998046875 0.35682091346153844 0.9975961538461539 0.3575721153846154 0.9637920673076923
1 0.18855168269230765 0.9247295673076923 0.18179086538461536 0.9810697115384615 0.24939903846153844 0.9825721153846153 0.25390625 0.926983173076923
1 0.003756009615384609 0.09390024038461538 0.03981370192307693 0.12469951923076923 0.07211538461538461 0.08864182692307691 0.09014423076923078 0.09690504807692307 0.107421875 0.0713641826923077 0.11493389423076922 0.035306490384615384 0.06310096153846154 0.000751201923076923 0.027794471153846145 0.011268028846153846 0.0 0.05078125
