0 0.31955241687192115 0.18376693349753692 0.41961399322660087 0.11353140394088669 0.46772052032019695 0.18376693349753692 0.3724695966748768 0.26169950738916253
0 0.19832396859605916 0.40409482758620685 0.2983855449507389 0.3338592980295566 0.34649207204433496 0.40409482758620685 0.2512411483990148 0.4820274014778321
0 0.19832396859605916 0.40409482758620685 0.2983855449507389 0.3338592980295566 0.34649207204433496 0.40409482758620685 0.2512411483990148 0.4820274014778321
0 0.07517125923645324 0.5128155788177339 0.17523283559113295 0.44258004926108363 0.22333936268472904 0.5128155788177339 0.12808843903940886 0.5907481527093589
0 0.07517125923645324 0.5128155788177339 0.17523283559113295 0.44258004926108363 0.22333936268472904 0.5128155788177339 0.12808843903940886 0.5907481527093589
0 0.07517125923645324 0.5128155788177339 0.17523283559113295 0.44258004926108363 0.22333936268472904 0.5128155788177339 0.12808843903940886 0.5907481527093589
0 0.07517125923645324 0.5128155788177339 0.17523283559113295 0.44258004926108363 0.22333936268472904 0.5128155788177339 0.12808843903940886 0.5907481527093589
0 0.33975715825123143 0.5301339285714285 0.3965228602216748 0.4858759236453201 0.4369323429802955 0.5368688423645319 0.3792045104679802 0.5792025862068965
0 0.12616417795566498 0.25400246305418717 0.1761949661330049 0.2097444581280788 0.22526362376847286 0.2693965517241379 0.16753579125615758 0.31654094827586204
0 0.600494535098522 0.5368688423645319 0.6582223676108373 0.48972444581280783 0.6649572814039407 0.49645935960591125 0.6774649784482758 0.48202740147783246 0.7072910252463053 0.5185883620689654 0.6918969365763545 0.5310960591133004 0.6332069735221674 0.5782404556650246
0 0.6466768011083742 0.5917102832512314 0.7553975523399012 0.5176262315270935 0.7813750769704433 0.5541871921182265 0.759246074507389 0.5782404556650246 0.7861857296798029 0.5965209359605911 0.7024803725369457 0.6696428571428571
0 0.7630945966748768 0.7485375615763545 0.7178744612068965 0.6936961206896551 0.8198602986453201 0.6109528940886699 0.8544969981527093 0.645589593596059 0.8169739070197044 0.6657943349753693 0.8314058651477831 0.6917718596059113
0 0.3974849907635467 0.9159482758620688 0.49658443657635454 0.8418642241379309 0.48696313115763534 0.816848830049261 0.4648341286945812 0.8255080049261083 0.43789447352216737 0.7937576970443349 0.3493784636699506 0.8543719211822659
0 0.07036060652709358 0.8418642241379309 0.1559902247536945 0.7841363916256157 0.19832396859605905 0.8476370073891625 0.11942926416256155 0.914024014778325
0 0.09922452278325117 0.7129387315270935 0.0 0.775390625 0.018405557266009842 0.8418642241379309 0.05400438731527091 0.8178109605911329 0.058815040024630505 0.8380157019704433 0.1579144858374384 0.7745150862068965
0 0.04726947352216743 0.6465517241379309 0.08960321736453197 0.7042795566502462 0.01359490455665019 0.7620073891625615 0.0 0.740234375 0.0020493380541871664 0.6802262931034482
1 0.011670643472906361 0.4560498768472906 0.1280884390394088 0.3646474753694581 0.1761949661330049 0.4214131773399014 0.16753579125615758 0.44161791871921174 0.05400438731527091 0.5214747536945812
0 0.24739262623152702 0.7215979064039408 0.33975715825123143 0.6609836822660098 0.382090902093596 0.7206357758620688 0.29165063115763545 0.7889470443349753
1 0.40421990455665013 0.9274938423645319 0.4985086976600984 0.852447660098522 0.5341075277093595 0.8880464901477831 0.5004329587438423 0.9226831896551723 0.5177513084975368 0.9342287561576353 0.4465536483990147 0.987145935960591
1 0.8101042949507388 0.4887623152709359 0.8591729525862067 0.4377693965517241 0.8736049107142856 0.45027709359605905 0.9016413947044333 0.4743303571428571 0.8370439501231526 0.5301339285714285
1 0.7313442887931033 0.41660252463054187 0.79484490455665 0.36464747536945813 0.8419893011083742 0.4204510467980295 0.7823372075123151 0.49549722906403937
0 0.4436672567733989 0.3252001231527093 0.5206377001231526 0.2597752463054187 0.5725927493842363 0.3203894704433497 0.49562230603448265 0.37426878078817727
0 0.369583205049261 0.27516933497536944 0.45809921490147776 0.20878232758620688 0.5052436114532018 0.25688885467980294 0.42153825431034475 0.3242379926108374
0 0.24739262623152702 0.4906865763546797 0.36477255233990136 0.4012084359605911 0.40229564347290636 0.46855757389162556 0.28106719519704426 0.5474522783251231
0 0.1694600523399014 0.33289716748768466 0.25412754002463045 0.26843442118226596 0.296461283866995 0.3242379926108374 0.199286099137931 0.38100369458128075
0 0.2772186730295566 0.1414331896551724 0.28106719519704426 0.12122844827586206 0.3051204587438423 0.10198583743842363 0.31762815578817727 0.11545566502463053 0.3349465055418719 0.09236453201970442 0.3310979833743841 0.07023552955665023 0.35611337746305416 0.05099291871921181 0.4080684267241379 0.10102370689655171 0.3060825892857142 0.18569119458128078
0 0.5052436114532018 0.15009236453201968 0.5899110991379309 0.09428879310344826 0.6226235375615763 0.15201662561576354 0.5398803109605911 0.20397167487684725
0 0.4754175646551724 0.06253848522167486 0.5456530942118225 0.013469827586206896 0.5966460129310344 0.07408405172413793 0.5235240917487683 0.12411483990147781 0.4802282173645319 0.08947814039408866 0.48696313115763534 0.073121921182266
0 0.868928956280788 0.8736145320197043 0.9439751385467978 0.8206973522167487 0.8891336976600983 0.7523860837438423 0.808314732142857 0.8187730911330048
1 0.783299338054187 0.7494996921182265 0.8487242149014778 0.6908097290640394 0.8823987838669949 0.7331434729064038 0.810238993226601 0.8062653940886698
0 0.8670046951970443 0.8938192733990147 0.9026035252463054 0.8620689655172413 0.9083763084975367 0.8639932266009851 0.954558574507389 0.8370535714285713 0.9535964439655171 0.8178109605911329 0.9593692272167487 0.8072275246305418 0.998046875 0.880859375 0.9141490917487682 0.9573198891625615
0 0.8525727370689653 0.5657327586206896 0.9256946582512313 0.5099291871921182 0.9747633158866993 0.5589978448275862 0.8843230449507389 0.6436653325123152
0 0.8918853910098521 0.6609836822660098 0.9939770628078817 0.571505541871921 1.001674107142857 0.6609836822660097 0.929408482142857 0.7013931650246304
0 0.7044046336206895 0.3559883004926108 0.7563596828817734 0.3136545566502463 0.7746401631773399 0.3482912561576354 0.746738377463054 0.37138238916256155 0.7294200277093594 0.3848522167487684
0 0.40229564347290636 0.6071043719211822 0.4619477370689654 0.5618842364532018 0.4927359144088669 0.6051801108374384 0.43019742918719206 0.6571351600985221
0 0.4532885621921181 0.6561730295566501 0.5081300030788176 0.621536330049261 0.5543122690886698 0.6811884236453201 0.47830395628078803 0.7418026477832511 0.4532885621921181 0.7167872536945812 0.4706069119458127 0.7013931650246304 0.46675838977832507 0.6956203817733989 0.4715690424876846 0.6869612068965516
0 0.577403402093596 0.8813115763546797 0.6572602370689654 0.8178109605911329 0.6110779710591132 0.7591209975369457 0.5581607912561576 0.8062653940886698 0.5697063577586206 0.8235837438423644 0.551425877463054 0.8380157019704433
0 0.6553359759852215 0.35117764778325117 0.7380792025862067 0.2828663793103448 0.6976697198275861 0.22032789408866993 0.6283963208128078 0.27709359605911327 0.6389797567733989 0.2857527709359606 0.6187750153940885 0.3059575123152709 0.6322448429802955 0.31750307881773393 0.6206992764778324 0.3271243842364532
0 0.528334744458128 0.2337977216748768 0.5764412715517241 0.19435036945812806 0.6534117149014778 0.15009236453201968 0.6890105449507388 0.2097444581280788 0.5851004464285713 0.2972983374384236
0 0.7419277247536945 0.0962130541871921 0.8169739070197044 0.030788177339901475 0.8641183035714284 0.09428879310344826 0.7871478602216748 0.15297875615763545
0 0.7986934267241379 0.1597136699507389 0.8756638700738915 0.10198583743842363 0.9295431804187191 0.17125923645320196 0.8304437346059113 0.22513854679802953
0 0.8987550030788176 0.29152555418719206 0.9757254464285712 0.23475985221674875 0.9276189193349753 0.1818426724137931 0.8352543873152709 0.22994919950738912
0 0.8910579587438423 0.3011468596059113 0.9401266163793103 0.3559883004926108 0.998046875 0.318359375 0.9661041410098521 0.2530403325123152
0 0.954558574507389 0.36753386699507384 0.998046875 0.328125 0.998046875 0.41796875
0 0.41961399322660087 0.0019242610837438422 0.3869015548029556 0.01731834975369458 0.4436672567733989 0.07697044334975368 0.5369939193349753 0.007697044334975369
0 0.06073930110837433 0.029826046798029554 0.08286830357142855 0.06831126847290639 0.08575469519704432 0.08947814039408866 0.10307304495073888 0.12507697044334973 0.0453452124384236 0.1510544950738916 0.008784251847290592 0.17606988916256155 0.0020493380541871664 0.06927339901477832
0 0.050155865147783196 0.3059575123152709 0.09922452278325117 0.3733066502463054 0.025140471059113267 0.4425800492610837 0.003011468596059108 0.4194889162561576 0.0 0.388671875 0.0 0.33984375
0 0.13578548337438417 0.5840132389162561 0.20024822967980288 0.5320581896551724 0.24258197352216743 0.584975369458128 0.16561153017241376 0.6475138546798028
0 0.17908135775862066 0.6513623768472906 0.24450623460591125 0.5994073275862069 0.28395358682266003 0.6427032019704433 0.32821159174876835 0.6071043719211822 0.3349465055418719 0.6465517241379309 0.2223772321428571 0.73121921182266 0.20121036022167482 0.7110144704433496
0 0.5013950892857142 0.7331434729064038 0.5495016163793103 0.7889470443349753 0.5899110991379309 0.7466133004926108 0.5446909636699506 0.6927339901477831
0 0.3436056804187191 0.8360914408866994 0.3031961976600984 0.7899091748768472 0.36573468288177335 0.7494996921182265 0.41287907943349744 0.7908713054187191
0 0.64956319273399 0.9178725369458127 0.6033809267241378 0.8630310960591132 0.6688058035714285 0.8149245689655171 0.7188365917487683 0.8736145320197043
0 0.5485394858374383 0.3521397783251231 0.5562365301724137 0.33001077586206895 0.6053051878078817 0.3848522167487684 0.528334744458128 0.4425800492610837 0.4888873922413792 0.39447352216748766
0 0.9940059267241377 0.9890701970443349 0.96484375 0.998046875 0.9218461360837438 0.9582820197044334 0.998046875 0.888671875 0.998046875 0.978515625
0 0.9920816656403939 0.7600831280788176 0.9497479217980294 0.7023552955665023 0.998046875 0.669921875 0.998046875 0.78515625
1 0.6235856681034482 0.39928417487684725 0.6707300646551723 0.45893626847290636 0.5860625769704433 0.5157019704433496 0.5398803109605911 0.4570120073891625
0 0.7015182419950737 0.01924261083743842 0.7207608528325122 0.0038485221674876844 0.7544354217980294 0.0 0.7881099907635467 0.04810652709359605 0.7380792025862067 0.07889470443349753
0 0.9564828355911328 0.03944735221674876 0.998046875 0.015625 0.998046875 0.109375
0 0.130859375 0.9248046875 0.202880859375 0.860107421875 0.24560546875 0.92724609375 0.183349609375 0.974853515625
0 0.46044921875 0.9833984375 0.537353515625 0.9296875 0.5947265625 0.994384765625 0.462890625 0.996826171875
0 0.639892578125 0.935791015625 0.736328125 0.8759765625 0.7607421875 0.919921875 0.725341796875 0.93701171875 0.749755859375 0.955322265625 0.70703125 0.991943359375
0 0.317626953125 0.99072265625 0.2626953125 0.926025390625 0.1640625 0.998046875 0.314453125 0.998046875
0 0.02099609375 0.861328125 0.085693359375 0.957763671875 0.0380859375 0.982177734375 0.01171875 0.998046875 0.0 0.94921875 0.0 0.869140625
0 0.940185546875 0.034912109375 0.98046875 0.00927734375 0.9453125 0.0 0.888916015625 0.00439453125
0 0.7900390625 0.960205078125 0.826171875 0.998046875 0.716796875 0.998046875
0 0.102783203125 0.96142578125 0.130859375 0.998046875 0.009765625 0.998046875 0.071044921875 0.960205078125 0.093017578125 0.984619140625
