0 0.8169258004926108 0.7831742610837438 0.7447660098522166 0.8139624384236452 0.7880618842364531 0.9044027093596058 0.9112145935960589 0.8630310960591132 0.8842749384236452 0.8101139162561576 0.8400169334975367 0.8274322660098521
1 0.6360452586206895 0.8255080049261083 0.739955357142857 0.7889470443349753 0.7919104064039408 0.9063269704433496 0.6774168719211822 0.9496228448275861
1 0.5436807266009851 0.8620689655172413 0.630272475369458 0.829356527093596 0.6803032635467978 0.9361530172413792 0.5744689039408866 0.9765624999999999 0.5311730295566501 0.8668796182266009 0.5369458128078817 0.865917487684729
1 0.4763315886699506 0.9063269704433496 0.5504156403940885 0.8957435344827586 0.5706203817733989 0.9794488916256157 0.49268780788177335 0.9929187192118225
1 0.44458128078817727 0.75623460591133 0.4426570197044334 0.8485991379310344 0.5667718596059113 0.8428263546798028 0.5619612068965516 0.75623460591133
0 0.7967210591133003 0.6600215517241379 0.6985837438423643 0.6186499384236452 0.7255233990147782 0.5994073275862069 0.7159020935960589 0.5868996305418719 0.8073044950738915 0.5089670566502462 0.8554110221674875 0.6013315886699506
0 0.8602216748768472 0.5031942733990147 0.8592595443349753 0.5907481527093595 0.9420027709359604 0.5965209359605911 0.9420027709359604 0.5108913177339901
0 0.9506619458128078 0.6042179802955664 0.998046875 0.552734375 0.998046875 0.6484375
0 0.6880003078817734 0.6417410714285714 0.7928725369458127 0.6561730295566501 0.7928725369458127 0.6821505541871921 0.8044181034482758 0.683112684729064 0.7967210591133003 0.7466133004926108 0.6928109605911328 0.7331434729064038 0.6572121305418718 0.7321813423645319 0.6649091748768472 0.6677185960591132 0.6851139162561575 0.6696428571428571
1 0.5484913793103448 0.5984451970443349 0.6139162561576353 0.6465517241379309 0.667795566502463 0.5763161945812807 0.5908251231527093 0.5195504926108374 0.5407943349753693 0.5907481527093595
1 0.4859528940886698 0.6715671182266009 0.5379079433497536 0.597483066502463 0.6216133004926108 0.6590594211822659 0.6081434729064038 0.6859990763546797 0.5879387315270935 0.6763777709359605 0.5744689039408866 0.6975446428571428 0.6139162561576353 0.7244842980295566 0.6023706896551723 0.7427647783251231
0 0.2377232142857142 0.6898475985221674 0.31758004926108363 0.5734298029556649 0.3781942733990147 0.6196120689655171 0.29737530788177335 0.7389162561576353 0.23579895320197042 0.6994689039408866
0 0.1809575123152709 0.8120381773399014 0.20693503694581272 0.7148629926108373 0.3281634852216748 0.7466133004926108 0.2944889162561576 0.8418642241379309
1 0.16267703201970435 0.9438500615763545 0.23579895320197042 0.9303802339901477 0.24830665024630538 0.9938808497536945 0.17037407635467972 0.9958051108374383 0.16460129310344823 0.9563577586206895
0 0.048183497536945785 0.9236453201970443 0.061653325123152636 0.9977293719211822 0.0 0.99609375 7.697044334969982e-05 0.9294181034482758
0 0.05588054187192115 0.9236453201970443 0.14151016009852213 0.914986145320197 0.16015625 0.998046875 0.064453125 0.998046875
1 0.1492072044334975 0.8274322660098521 0.14728294334975361 0.8947814039408866 0.22425338669950734 0.8957435344827586 0.21751847290640391 0.816848830049261
1 0.2386853448275862 0.9323044950738915 0.3195043103448275 0.9188346674876846 0.33297413793103436 0.9948429802955664 0.2560036945812807 0.9958051108374383
1 0.15979064039408863 0.6523245073891625 0.21463208128078815 0.5407173645320197 0.28679187192118216 0.5859374999999999 0.23483682266009842 0.6917718596059113
0 0.36472444581280783 0.4647090517241379 0.44650554187192104 0.3502155172413793 0.5128925492610836 0.4012084359605911 0.48499076354679793 0.43680726600985215 0.4984605911330048 0.45027709359605905 0.4397706280788176 0.5291717980295566 0.3599137931034482 0.4743303571428571
0 0.3579895320197044 0.4695197044334975 0.42822506157635454 0.3617610837438423 0.3579895320197044 0.32135160098522164 0.32527709359605905 0.38581434729064035 0.3108451354679802 0.3790794334975369 0.28871613300492605 0.4242995689655172
1 0.12515394088669946 0.6427032019704433 0.14343442118226596 0.6032558497536945 0.09436576354679799 0.5859374999999999 0.1261160714285714 0.5070427955665024 0.20501077586206895 0.5416794950738916 0.1540178571428571 0.6561730295566501
1 0.0 0.80859375 0.07319889162561571 0.8332050492610836 0.06357758620689652 0.8736145320197043 0.02605449507389157 0.8822737068965516 0.017395320197044317 0.9159482758620688 0.0 0.927734375 0.002001231527093583 0.925569581280788
0 0.007774014778325067 0.5455280172413792 0.027016625615763512 0.46663331280788173 0.11938115763546792 0.499345751231527 0.09532789408866987 0.5801647167487683
1 0.5927493842364531 0.5157019704433496 0.6447044334975368 0.4473907019704433 0.7351447044334973 0.5137777093596059 0.6774168719211822 0.5888238916256157
0 0.6447044334975368 0.4396936576354679 0.690886699507389 0.3646474753694581 0.8044181034482758 0.44546644088669946 0.7486145320197044 0.5205126231527093
0 0.7726677955665022 0.41275400246305416 0.813077278325123 0.35310190886699505 0.7438038793103448 0.3011468596059113 0.6976216133004924 0.3607989532019704
0 0.8842749384236452 0.10775862068965517 0.9121767241379308 0.01635621921182266 0.8159636699507389 0.002886391625615763 0.7947967980295565 0.08851600985221673
0 0.60621921182266 0.051955049261083734 0.690886699507389 0.07215979064039409 0.7120535714285714 0.0019242610837438422 0.6148783866995072 0.0
1 0.9391163793103448 0.28190424876847286 0.9189116379310343 0.29826046798029554 0.9083282019704433 0.29344981527093594 0.8794642857142856 0.3482912561576354 0.9487376847290638 0.42237530788177335 0.9929956896551722 0.3607989532019704 0.998046875 0.314453125 0.9756773399014778 0.29441194581280783 0.9708666871921181 0.2992225985221674
1 0.7515009236453201 0.2838285098522167 0.8486761083743841 0.3665717364532019 0.9410406403940885 0.2578509852216748 0.8659944581280787 0.21551724137931033 0.8486761083743841 0.24341902709359603 0.8073044950738915 0.21263084975369456
0 0.9333435960591132 0.03271243842364532 0.9006311576354677 0.12122844827586206 0.9795258620689653 0.14913023399014777 0.995882081280788 0.09717518472906403 0.9968442118226599 0.06157635467980295
0 0.6956973522167487 0.06734913793103448 0.7851754926108374 0.08851600985221673 0.8044181034482758 0.0038485221674876844 0.7139778325123152 0.0038485221674876844
0 0.006811884236453181 0.15586514778325122 0.06838823891625612 0.17510775862068964 0.09340363300492605 0.0644627463054187 0.0 0.04296875
0 0.08570658866995068 0.1414331896551724 0.15979064039408863 0.1683728448275862 0.1809575123152709 0.08081896551724137 0.09917641625615758 0.05965209359605911
1 0.15305572660098515 0.19531249999999997 0.2454202586206896 0.22032789408866993 0.26851139162561566 0.12988762315270935 0.24445812807881762 0.1231527093596059 0.2454202586206896 0.10198583743842363 0.17807112068965514 0.08947814039408866
1 0.2531173029556649 0.21744150246305416 0.3291256157635467 0.23860837438423643 0.3560652709359605 0.12700123152709358 0.27717056650246297 0.10775862068965517
1 0.3560652709359605 0.12988762315270935 0.44458128078817727 0.15201662561576354 0.4205280172413792 0.2530403325123152 0.33393626847290636 0.23475985221674875
1 0.4493919334975368 0.15009236453201968 0.533097290640394 0.16741071428571427 0.5138546798029555 0.2742072044334975 0.4157173645320196 0.25400246305418717
0 0.533097290640394 0.18857758620689652 0.5109682881773397 0.3194273399014778 0.5715825123152708 0.33963208128078815 0.6206511699507388 0.2905634236453202 0.6100677339901477 0.28479064039408863 0.6331588669950737 0.1779941502463054 0.5590748152709358 0.16548645320197042
1 0.20212438423645318 0.3925492610837438 0.2762084359605911 0.4204510467980295 0.3272013546798028 0.3271243842364532 0.2454202586206896 0.292487684729064
1 0.12034328817733986 0.3473291256157635 0.14824507389162556 0.27709359605911327 0.2261776477832511 0.3011468596059113 0.191540948275862 0.3867764778325123 0.11938115763546792 0.35791256157635465
1 0.02605449507389157 0.33482142857142855 0.0462592364532019 0.25400246305418717 0.13188885467980288 0.27228294334975367 0.10494919950738912 0.3569504310344827
1 0.025092364532019684 0.3367456896551724 0.04048645320197042 0.2511160714285714 0.0 0.240234375 7.697044334969982e-05 0.3338592980295566
0 0.5254002463054186 0.025977524630541867 0.5956357758620688 0.040409482758620684 0.605257081280788 0.0009621305418719211 0.5292487684729063 0.0
1 0.4320735837438423 0.01635621921182266 0.5177032019704433 0.03559883004926108 0.5215517241379309 0.004810652709359605 0.4397706280788176 0.0
