0 0.4002695009689923 0.7691375968992248 0.3366793846899224 0.856952519379845 0.42752240794573637 0.9371971899224806 0.5032249273255813 0.8296996124031008
0 0.19738674903100772 0.2891836240310077 0.23069585755813948 0.3800266472868217 0.1474230862403101 0.4072795542635659 0.10200157461240311 0.31340843023255816
0 0.36090419089147285 0.007570251937984496 0.40481165213178294 0.06813226744186046 0.3427355862403101 0.09992732558139535 0.2867157218992248 0.025738856589147287
0 0.9710664970930232 0.1907703488372093 0.8817375242248062 0.24376211240310078 0.7954366521317828 0.14383478682170542 0.8802234738372092 0.08781492248062016
1 0.8196614583333333 0.3043241279069767 0.7696977955426356 0.38759689922480617 0.7167060319767442 0.3558018410852713 0.7742399467054264 0.27252906976744184
0 0.9422995397286822 0.7040334302325582 0.8771953730620154 0.7433987403100775 0.8272317102713178 0.6813226744186046 0.8650829699612403 0.6646681201550387 0.8650829699612403 0.6480135658914729 0.8893077761627908 0.6434714147286822
1 0.7136779312015504 0.5314316860465116 0.793922601744186 0.5178052325581395 0.8151193071705427 0.6101623062015503 0.748501090116279 0.6222747093023255
1 0.6258630087209303 0.1832000968992248 0.6849109738372092 0.26950096899224807 0.6076944040697674 0.31340843023255816 0.5471323885658914 0.23316375968992248
1 0.3564308805418719 0.6099907635467979 0.4218557573891625 0.6994689039408866 0.49786407019704426 0.6504002463054186 0.4189693657635467 0.5551493226600984 0.3622036637931034 0.5994073275862069
1 0.4314770628078817 0.18088054187192115 0.464189501231527 0.10679649014778324 0.549819119458128 0.1327740147783251 0.5171066810344827 0.2145551108374384
0 0.5834936884236452 0.030788177339901475 0.6036984298029555 0.0019242610837438422 0.6777824815270935 0.005772783251231526 0.6421836514778324 0.06734913793103448
0 0.8692464593596059 0.47336822660098515 0.8942618534482758 0.5551493226600984 0.9471790332512313 0.5416794950738916 0.9163908559113298 0.4656711822660098 0.890413331280788 0.4608605295566502
1 0.853852370689655 0.39062499999999994 0.9260121613300492 0.4483528325123152 0.9741186884236452 0.3829279556650246 0.9009967672413792 0.3319350369458128
1 0.19190655788177335 0.6657943349753693 0.25636930418719206 0.6956203817733989 0.27464978448275856 0.6465517241379309 0.20633851600985215 0.621536330049261
1 0.7874653633004924 0.05387931034482758 0.8413446736453201 0.07889470443349753 0.8730949815270934 0.002886391625615763 0.8144050184729064 0.0038485221674876844 0.7903517549261083 0.041371613300492605
1 0.9510275554187191 0.02693965517241379 0.9606488608374382 0.1289254926108374 0.9962476908866993 0.12507697044334973 0.9962476908866993 0.00865917487684729
