0 0.7235125461822659 0.6332632211538461 0.8054387019230769 0.6332632211538461 0.8054387019230769 0.7119766009852216 0.7235125461822659 0.7119766009852216
0 0.7956730769230769 0.6137319711538461 0.8737980769230769 0.6137319711538461 0.8737980769230769 0.6978665865384616 0.7956730769230769 0.6978665865384616
0 0.8565204326923077 0.5881911057692307 0.9391526442307692 0.5881911057692307 0.9391526442307692 0.6715745192307692 0.8565204326923077 0.6715745192307692
0 0.6852463942307692 0.7451923076923077 0.7723858173076923 0.7451923076923077 0.7723858173076923 0.8345853365384616 0.6852463942307692 0.8345853365384616
0 0.6942608173076923 0.5326021634615384 0.7746394230769231 0.5326021634615384 0.7746394230769231 0.6332632211538461 0.6942608173076923 0.6332632211538461
0 0.765625 0.5115685096153846 0.8445012019230769 0.5115685096153846 0.8445012019230769 0.6114783653846154 0.765625 0.6114783653846154
0 0.832481971153846 0.48452524038461536 0.9271334134615383 0.48452524038461536 0.9271334134615383 0.5979567307692307 0.832481971153846 0.5979567307692307
0 0.550030048076923 0.5010516826923077 0.6529447115384615 0.5010516826923077 0.6529447115384615 0.6092247596153846 0.550030048076923 0.6092247596153846
0 0.5177283653846153 0.4364483173076923 0.6469350961538461 0.4364483173076923 0.6469350961538461 0.5303485576923077 0.5177283653846153 0.5303485576923077
0 0.4989483173076923 0.3650841346153846 0.6176382211538461 0.3650841346153846 0.6176382211538461 0.4567307692307692 0.4989483173076923 0.4567307692307692
0 0.589092548076923 0.25390625 0.6822415865384615 0.25390625 0.6822415865384615 0.3523137019230769 0.589092548076923 0.3523137019230769
0 0.666466346153846 0.2546574519230769 0.7498497596153846 0.2546574519230769 0.7498497596153846 0.3455528846153846 0.666466346153846 0.3455528846153846
0 0.7325721153846154 0.23287259615384615 0.8354867788461537 0.23287259615384615 0.8354867788461537 0.3245192307692308 0.7325721153846154 0.3245192307692308
0 0.647686298076923 0.12920673076923075 0.7746394230769231 0.12920673076923075 0.7746394230769231 0.24188701923076922 0.647686298076923 0.24188701923076922
0 0.5966045673076923 0.1006610576923077 0.705528846153846 0.1006610576923077 0.705528846153846 0.19981971153846154 0.5966045673076923 0.19981971153846154
0 0.5387620192307692 0.06460336538461538 0.6499399038461539 0.06460336538461538 0.6499399038461539 0.17352764423076922 0.5387620192307692 0.17352764423076922
0 0.6407693195812807 0.8261259887741568 0.7596782931508148 0.8261259887741568 0.7596782931508148 0.9476985837438422 0.6407693195812807 0.9476985837438422
0 0.7296191147214854 0.7985683497536945 0.8466652555418718 0.7985683497536945 0.8466652555418718 0.9345729028514588 0.7296191147214854 0.9345729028514588
1 0.9034309575123152 0.18472906403940884 0.9775150092364531 0.18472906403940884 0.9775150092364531 0.2607373768472906 0.9034309575123152 0.2607373768472906
0 0.8685396634615383 0.029296875 0.988731971153846 0.029296875 0.988731971153846 0.15399639423076922 0.8685396634615383 0.15399639423076922
0 0.8347355769230769 0.917217548076923 0.9466646634615383 0.917217548076923 0.9466646634615383 0.9968449519230769 0.8347355769230769 0.9968449519230769
0 0.9278846153846154 0.890625 0.998046875 0.890625 0.998046875 0.9750600961538461 0.9278846153846154 0.9750600961538461
