0 0.12699161022167482 0.5715055418719213 0.24161984298029549 0.5715055418719213 0.24161984298029549 0.6571351600985221 0.12699161022167482 0.6571351600985221
1 0.16451470135467977 0.37715517241379304 0.30223406711822653 0.37715517241379304 0.30223406711822653 0.475292487684729 0.16451470135467977 0.475292487684729
0 0.1704221828817733 0.3107681650246305 0.3040236299261083 0.3107681650246305 0.3040236299261083 0.3790794334975369 0.1704221828817733 0.3790794334975369
0 0.40518203509852213 0.19723676108374383 0.5764412715517241 0.19723676108374383 0.5764412715517241 0.30980603448275856 0.40518203509852213 0.30980603448275856
1 0.4079337284482758 0.29826046798029554 0.5504637469211822 0.29826046798029554 0.5504637469211822 0.3973599137931034 0.4079337284482758 0.3973599137931034
0 0.3896532481527093 0.3838900862068965 0.5437288331280787 0.3838900862068965 0.5437288331280787 0.48298953201970435 0.3896532481527093 0.48298953201970435
0 0.3790698121921182 0.4839516625615763 0.5196755695812807 0.4839516625615763 0.5196755695812807 0.5455280172413792 0.3790698121921182 0.5455280172413792
0 0.5341075277093594 0.5339824507389163 0.6782924107142856 0.5339824507389163 0.6782924107142856 0.6638700738916256 0.5341075277093594 0.6638700738916256
0 0.5695716594827586 0.42814809113300495 0.7061941964285714 0.42814809113300495 0.7061941964285714 0.5176262315270943 0.5695716594827586 0.5176262315270943
1 0.5878521397783251 0.3252001231527093 0.7158155018472906 0.3252001231527093 0.7158155018472906 0.4281480911330049 0.5878521397783251 0.4281480911330049
1 0.6043430572660098 0.20300954433497534 0.7321717210591132 0.20300954433497534 0.7321717210591132 0.30499538177339897 0.6043430572660098 0.30499538177339897
0 0.4339112530788177 0.058689963054187194 0.563798876231527 0.058689963054187194 0.563798876231527 0.17895628078817735 0.4339112530788177 0.17895628078817735
1 0.6033809267241378 0.11160714285714282 0.7148533713054186 0.11160714285714282 0.7148533713054186 0.19627463054187186 0.6033809267241378 0.19627463054187186
0 0.8543622998768472 -0.0018953971674877113 0.9478236607142854 -0.0018953971674877113 0.9478236607142854 0.11160714285714285 0.8543622998768472 0.11160714285714285
0 0.8764913023399012 0.20204741379310343 0.9582723983990147 0.20204741379310343 0.9582723983990147 0.31750307881773393 0.8764913023399012 0.31750307881773393
1 0.7764297259852215 0.5897860221674877 0.9131869612068964 0.5897860221674877 0.9131869612068964 0.7158251231527093 0.7764297259852215 0.7158251231527093
0 0.8534001693349752 0.4291102216748768 0.9582723983990147 0.4291102216748768 0.9582723983990147 0.5522629310344827 0.8534001693349752 0.5522629310344827
0 0.9410887469211822 0.839939963054187 0.9978544488916254 0.839939963054187 0.9978544488916254 0.9967672413793103 0.9410887469211822 0.9967672413793103
0 0.08754425800492607 0.7244842980295566 0.174270705049261 0.7244842980295566 0.174270705049261 0.8332050492610836 0.08754425800492607 0.8332050492610836
0 0.34154672105911327 0.6783020320197044 0.42731103756157623 0.6783020320197044 0.42731103756157623 0.7504618226600984 0.34154672105911327 0.7504618226600984
0 0.4234625153940885 0.7235221674876846 0.5233893934729064 0.7235221674876846 0.5233893934729064 0.8389778325123152 0.4234625153940885 0.8389778325123152
1 0.539880310960591 0.7620073891625615 0.6513527555418718 0.7620073891625615 0.6513527555418718 0.8707281403940886 0.539880310960591 0.8707281403940886
0 0.6476389316502462 0.7918334359605911 0.7331338516009851 0.7918334359605911 0.7331338516009851 0.9101754926108373 0.6476389316502462 0.9101754926108373
0 0.7188365917487683 0.8264701354679802 0.8052936422413792 0.8264701354679802 0.8052936422413792 0.9294181034482757 0.7188365917487683 0.9294181034482757
1 0.14912061268472904 0.49164870689655166 0.26361414716748766 0.49164870689655166 0.26361414716748766 0.5772783251231527 0.14912061268472904 0.5772783251231527
0 0.9486510929802954 0.002886391625615763 0.9967576200738915 0.002886391625615763 0.9967576200738915 0.09813731527093594 0.9486510929802954 0.09813731527093594
0 0.9428783097290638 0.41275400246305416 0.998046875 0.41275400246305416 0.998046875 0.537109375 0.9428783097290638 0.537109375
0 0.5945870535714285 0.011545566502463052 0.7138912407635467 0.011545566502463052 0.7138912407635467 0.10583435960591132 0.5945870535714285 0.10583435960591132
0 0.4146686422413792 0.5657327586206896 0.47624499692118216 0.5657327586206896 0.47624499692118216 0.609028633004926 0.4146686422413792 0.609028633004926
0 0.16836322352216743 0.17991841133004924 0.3174934575123152 0.17991841133004924 0.3174934575123152 0.2963362068965517 0.16836322352216743 0.2963362068965517
