0 0.22993957820197042 0.3279458956991284 0.33852045045471774 0.3279458956991284 0.33852045045471774 0.4656711822660098 0.22993957820197042 0.4656711822660098
0 0.490676955049261 0.5012700123152709 0.5984355757389161 0.5012700123152709 0.5984355757389161 0.6022937192118226 0.490676955049261 0.6022937192118226
0 0.056756080665024605 0.28190424876847286 0.18183305110837433 0.28190424876847286 0.18183305110837433 0.4214131773399014 0.056756080665024605 0.4214131773399014
0 0.34492601956233415 0.28975301368889733 0.48682843288177335 0.28975301368889733 0.48682843288177335 0.402170566502463 0.34492601956233415 0.402170566502463
0 0.2992129772167487 0.13950892857142855 0.4060094673645319 0.13950892857142855 0.4060094673645319 0.2626616379310345 0.2992129772167487 0.2626616379310345
1 0.7360202432266009 0.15490301724137928 0.8687942580049259 0.15490301724137928 0.8687942580049259 0.2809421182266009 0.7360202432266009 0.2809421182266009
0 0.47415865384615385 0.16826923076923075 0.5782308343596059 0.16826923076923075 0.5782308343596059 0.28190424876847286 0.47415865384615385 0.28190424876847286
1 0.5289963942307692 0.04732572115384615 0.7122896634615383 0.04732572115384615 0.7122896634615383 0.17352764423076922 0.5289963942307692 0.17352764423076922
0 0.9254120024875621 0.19136738184079605 1.001554726368159 0.19136738184079605 1.001554726368159 0.31191697761194026 0.9254120024875621 0.31191697761194026
0 0.920372596153846 0.44245793269230765 0.998046875 0.44245793269230765 0.998046875 0.51953125 0.920372596153846 0.51953125
1 0.9166666666666665 0.615088619402985 0.9917367788461537 0.615088619402985 0.9917367788461537 0.6813401442307692 0.9166666666666665 0.6813401442307692
1 0.9154363399349406 0.8227380226272484 0.998046875 0.8227380226272484 0.998046875 0.916025342039801 0.9154363399349406 0.916025342039801
1 0.01872306034482757 0.27709359605911327 0.08414793719211816 0.26651016009852213 0.07260237068965514 0.17895628078817732 0.0033289716748768072 0.19050184729064037
1 0.8105564963054186 0.9967672413793103 0.8519281096059113 0.9246074507389161 0.9202393780788176 0.9496228448275861 0.9135044642857142 0.9977293719211822
0 0.302734375 0.0 0.40408520628078815 0.0 0.40408520628078815 0.06061422413793103 0.302734375 0.06061422413793103
1 0.8758550995024874 0.18948227611940296 0.927355410447761 0.18948227611940296 0.927355410447761 0.26527518656716415 0.8758550995024874 0.26527518656716415
