0 0.2395608836206896 0.7389162561576353 0.24148514470443344 0.8476370073891625 0.34250885160098515 0.840902093596059 0.3386603294334975 0.7350677339901477
1 0.09140322189922478 0.5359738372093024 0.16407764050387597 0.6389292635658914 0.2579487645348837 0.570796996124031 0.19587269864341084 0.47541182170542634
0 0.07323461724806202 0.8917756782945736 0.15802143895348836 0.9099442829457364 0.14453125 0.998046875 0.05052386143410853 0.9947311046511628
0 0.5531885901162791 0.8191012596899224 0.6198068071705426 0.9811046511627907 0.7151919815891472 0.9356831395348837 0.6364613614341085 0.7782218992248062
0 0.3230529312015503 0.29221172480620156 0.27460331879844957 0.3785125968992248 0.18678839631782945 0.31643653100775193 0.2564347141472868 0.23467781007751937
0 0.2700611676356589 0.42544815891472865 0.2867157218992248 0.5677688953488372 0.41692405523255816 0.5511143410852714 0.3821008963178294 0.3966812015503876
0 0.689453125 0.5526283914728682 0.6811788023399014 0.6725292487684729 0.7757539970930232 0.6828367248062015 0.7822025092364531 0.5638084975369457
0 0.750015140503876 0.27404312015503873 0.7318465358527131 0.41030765503875966 0.8999061288759689 0.45421511627906974 0.9332152374031006 0.30129602713178294
0 0.44266291182170536 0.210453003875969 0.5032249273255813 0.2967538759689922 0.5789274467054263 0.23921996124031006 0.5047389777131783 0.1635174418604651
1 0.7818101986434107 0.012112403100775193 0.8196614583333333 0.07873062015503876 0.9180747335271318 0.04239341085271318 0.8575127180232558 0.001514050387596899
0 0.6561440164728682 0.02119670542635659 0.7091357800387597 0.07721656976744186 0.7469870397286822 0.031795058139534885 0.71875 0.0 0.681640625 0.0
0 0.11589824507389157 0.1866533251231527 0.23616456280788173 0.1866533251231527 0.23616456280788173 0.29152555418719206 0.11589824507389157 0.29152555418719206
0 0.0 0.0 0.0923549107142857 0.0 0.0923549107142857 0.05868996305418719 0.0 0.05868996305418719
0 0.9544238762315269 0.8447506157635467 0.998046875 0.8447506157635467 0.998046875 0.9306784944581281 0.9544238762315269 0.9306784944581281
