0 0.8486761083743841 0.073121921182266 0.9968442118226599 0.00865917487684729 0.9978063423645318 0.1741456280788177 0.910252463054187 0.2058959359605911 0.8833128078817734 0.16260006157635465 0.8727293719211822 0.17606988916256155 0.8323198891625614 0.10198583743842363 0.8698429802955663 0.09044027093596058
1 0.0 0.076171875 0.06550184729064035 0.07023552955665023 0.0546875 0.0 0.0 0.0
1 0.10687346059113295 0.19916102216748766 0.11938115763546792 0.30499538177339897 0.21174568965517238 0.29152555418719206 0.19442733990147776 0.18472906403940884
1 0.008736145320197009 0.21166871921182265 0.10879772167487678 0.1924261083743842 0.12996459359605905 0.3252001231527093 0.027016625615763512 0.34636699507389157
0 0.19346520935960587 0.18569119458128078 0.27139778325123143 0.17606988916256155 0.2944889162561576 0.30018472906403937 0.21174568965517238 0.31461668719211816
0 0.3676108374384236 0.146243842364532 0.386853448275862 0.2693965517241379 0.4695966748768472 0.25881311576354676 0.4513161945812807 0.12411483990147781
1 0.45612684729064035 0.14047105911330046 0.5427185960591132 0.12507697044334973 0.5658097290640393 0.23187346059113298 0.4705588054187191 0.24919181034482757
1 0.5398322044334974 0.10198583743842363 0.63123460591133 0.08755387931034482 0.6735683497536945 0.2232142857142857 0.5638854679802955 0.25207820197044334
1 0.6370073891625615 0.10294796798029555 0.6928109605911328 0.0817810960591133 0.6966594827586206 0.08947814039408866 0.7216748768472905 0.07793257389162561 0.7601600985221673 0.17703201970443347 0.6726062192118225 0.20397167487684725
0 0.07127463054187189 0.07119766009852216 0.17037407635467972 0.055803571428571425 0.16171490147783246 0.002886391625615763 0.05972906403940881 0.0019242610837438422
1 0.1819196428571428 0.05387931034482758 0.2579279556650246 0.03752309113300492 0.24830665024630538 0.002886391625615763 0.1722983374384236 0.0
1 0.28005695812807874 0.16741071428571427 0.36087592364532006 0.15009236453201968 0.38300492610837433 0.2655480295566502 0.2935267857142856 0.28671490147783246
