0 0.15016933497536938 0.4194889162561576 0.19538947044334964 0.43103448275862066 0.18769242610837433 0.47240609605911327 0.2944889162561576 0.4945350985221674 0.301223830049261 0.4435421798029556 0.28775400246305416 0.44161791871921174 0.3021859605911329 0.38100369458128075 0.2992995689655171 0.3790794334975369 0.2992995689655171 0.3617610837438423 0.23195043103448265 0.35406403940886694 0.23098830049261077 0.3607989532019704 0.18769242610837433 0.3550261699507389 0.18865455665024622 0.3598368226600985 0.16267703201970435 0.3559883004926108
1 0.130926724137931 0.5945966748768472 0.15979064039408863 0.6119150246305418 0.1799953817733989 0.5878617610837438 0.18961668719211822 0.5965209359605911 0.18480603448275856 0.6071043719211822 0.21463208128078815 0.6253848522167487 0.2540794334975369 0.5397552339901477 0.18865455665024622 0.5147398399014778 0.1819196428571428 0.5272475369458127 0.15786637931034475 0.5205126231527093 0.14824507389162556 0.5464901477832511 0.1492072044334975 0.548414408866995 0.14151016009852213 0.5753540640394088 0.14151016009852213 0.5753540640394088
0 0.038562192118226535 0.9246074507389161 0.08185806650246302 0.9909944581280787 0.17807112068965514 0.9188346674876846 0.11745689655172409 0.8495612684729063
0 0.16075277093596052 0.9351908866995072 0.20116225369458118 0.9063269704433496 0.2367610837438423 0.9486607142857142 0.18961668719211822 0.9804110221674875
0 0.26947352216748766 0.9919565886699506 0.2810190886699506 0.9438500615763545 0.3291256157635467 0.9563577586206895 0.31661791871921174 0.9977293719211822
0 0.4339978448275861 0.9938808497536945 0.44650554187192104 0.9727139778325122 0.47440732758620685 0.9823352832512314 0.4811422413793103 0.975600369458128 0.5148168103448275 0.988108066502463 0.5167410714285713 0.9804110221674875 0.544642857142857 0.988108066502463 0.541015625 0.998046875
1 0.3926262315270935 0.48010314039408863 0.4205280172413792 0.3935113916256157 0.520589593596059 0.4291102216748768 0.496536330049261 0.5224368842364532
0 0.6504772167487683 0.2463054187192118 0.6639470443349752 0.15201662561576354 0.666833435960591 0.1144935344827586 0.7235991379310343 0.12507697044334973 0.7110914408866993 0.21359298029556648 0.7466902709359604 0.21551724137931033 0.7341825738916254 0.2607373768472906
1 0.7870997536945812 0.30980603448275856 0.7996074507389161 0.2145551108374384 0.8804264162561575 0.22513854679802953 0.8688808497536944 0.3223137315270936
0 0.9092903325123152 0.3203894704433497 0.9275708128078817 0.23475985221674875 0.998046875 0.248046875 0.998046875 0.341796875
1 0.922760160098522 0.4156403940886699 0.9006311576354677 0.5339824507389161 0.9612453817733988 0.5474522783251231 0.9852986453201968 0.4242995689655172
0 0.7486145320197044 0.4031326970443349 0.7312961822660098 0.4560498768472906 0.7438038793103448 0.46182266009852213 0.7361068349753694 0.5272475369458127 0.7938346674876846 0.5426416256157635 0.8198121921182264 0.4214131773399014
0 0.5658097290640393 0.5089670566502462 0.5542641625615763 0.5945966748768472 0.605257081280788 0.6042179802955664 0.6148783866995072 0.5176262315270935
0 0.995882081280788 0.6956203817733989 0.9708666871921181 0.694658251231527 0.9727909482758619 0.7514239532019703 0.998046875 0.751953125
0 0.8967826354679802 0.9967672413793103 0.8996690270935959 0.9823352832512314 0.9910714285714284 0.9794488916256157 0.990234375 0.998046875
0 0.3397090517241379 0.9958051108374383 0.3474060960591132 0.9688654556650245 0.4041717980295566 0.9852216748768472 0.400390625 0.998046875
