1 0.17490671641791042 0.1603020055970149 0.2497279228855721 0.23123639614427857 0.30511504975124376 0.17584926927860695 0.22835043532338306 0.10880169465174128
1 0.2468128109452736 0.09519783893034825 0.30803016169154224 0.17196245335820892 0.38965329601990045 0.10685828669154228 0.33620957711442784 0.025235152363184077
1 0.11271766169154228 0.25164217972636815 0.21960509950248755 0.30217078669154224 0.23320895522388058 0.2778781871890547 0.22154850746268653 0.27204796330845765 0.2351523631840796 0.24775536380597013 0.18851057213930347 0.22249106032338306 0.2001710199004975 0.203056980721393 0.14575559701492535 0.18265119713930347
1 0.07384950248756218 0.3264633861940298 0.1671330845771144 0.3672749533582089 0.19531249999999997 0.30217078669154224 0.10688743781094526 0.26330262748756217
1 0.0408115671641791 0.40419970460199 0.15450093283582086 0.46347364738805963 0.18948227611940296 0.38476562499999994 0.07579291044776118 0.32937849813432835
1 0.17879353233830844 0.4809643190298507 0.2847092661691542 0.5208041822139303 0.25944496268656714 0.5965970926616915 0.15352922885572137 0.5567572294776119
1 0.15255752487562188 0.630606731965174 0.17782182835820892 0.5713327891791045 0.26041666666666663 0.5985405006218905 0.23223725124378106 0.6655880752487562 0.14964241293532338 0.6364369558457711
0 0.0003012282338308303 0.4935964707711442 0.1204912935323383 0.5392665578358208 0.1574160447761194 0.45958683146766166 0.03692475124378109 0.41294504042288555
0 0.0 0.49609375 0.11660447761194029 0.5441250777363184 0.0806514303482587 0.6082575404228855 0.0019434079601990048 0.5664742692786069
1 0.11174595771144277 0.7336073538557213 0.19239738805970147 0.7617867692786069 0.14381218905472634 0.8589571672885571 0.06996268656716417 0.8307777518656716
1 0.11368936567164178 0.9357217817164178 0.14672730099502485 0.8609005752487561 0.043726679104477605 0.8132870802238805 0.011660447761194029 0.8939385105721392
0 0.080078125 0.998046875 0.11174595771144277 0.9376651896766168 0.002915111940298507 0.8929668065920398 0.001953125 0.998046875
1 0.17296330845771143 0.4751340951492537 0.2895677860696517 0.5237192941542288 0.3196906094527363 0.44889808768656714 0.210859763681592 0.41391674440298504 0.203086131840796 0.43723763992537307 0.19045398009950246 0.4284923041044776
1 0.7083722014925372 0.06118819962686567 0.7861085199004975 0.16613222947761191 0.9017412935323382 0.06993353544776118 0.833984375 0.0 0.794921875 0.0
0 0.45572916666666663 0.0028859608208955216 0.41015625 0.0 0.4226912313432835 0.036895600124378106 0.43629508706467657 0.029121968283582086 0.4498989427860696 0.07090523942786069 0.4771066542288557 0.06604671952736317 0.47224813432835816 0.04272582400497512 0.4945973258706467 0.0349521921641791 0.490234375 0.0
0 0.9610152363184078 0.2905103389303482 0.9386660447761193 0.30605760261194026 0.998046875 0.384765625 0.9979399875621889 0.26427433146766166
0 0.9338075248756218 0.08353739116915422 0.8541277985074626 0.0009425528606965168 0.900390625 0.0 0.99609375 0.0 0.9979399875621889 0.044669231965174125
0 0.9979399875621889 0.18070778917910446 0.9367226368159203 0.23317980410447758 0.8920242537313432 0.17196245335820892 0.994053171641791 0.09131102300995024
0 0.4550781249999999 0.3434806034482758 0.4829799107142856 0.3434806034482758 0.4829799107142856 0.37234451970443344 0.4550781249999999 0.37234451970443344
