1 0.3195043103448275 0.6224984605911329 0.3589516625615763 0.6840748152709358 0.4888392857142856 0.6176878078817734 0.44650554187192104 0.5541871921182265
0 0.4503540640394088 0.5532250615763546 0.49172567733990136 0.6157635467980295 0.6119919950738915 0.5503386699507389 0.5735067733990147 0.4839516625615763
1 0.6244996921182265 0.45027709359605905 0.6658713054187191 0.5099291871921182 0.7736299261083743 0.4464285714285714 0.7361068349753694 0.3887007389162561
0 0.7361068349753694 0.3877386083743842 0.7736299261083743 0.4445043103448275 0.8775400246305418 0.39062499999999994 0.8400169334975367 0.33289716748768466
0 0.8419411945812807 0.32616225369458124 0.8785021551724137 0.39062499999999994 0.9795258620689653 0.329048645320197 0.9410406403940885 0.2742072044334975
0 0.9689424261083743 0.38100369458128075 0.998046875 0.4296875 0.998046875 0.359375
0 0.7053186576354677 0.5205126231527093 0.7803648399014778 0.6648322044334974 0.8477139778325122 0.6273091133004925 0.764008620689655 0.4906865763546797
0 0.5792795566502462 0.6138392857142856 0.6398937807881773 0.7360298645320196 0.7082050492610836 0.7052416871921181 0.6341209975369457 0.5695812807881773 0.5773552955665023 0.6003694581280787
0 0.7005080049261083 0.902478448275862 0.7322583128078817 0.963092672413793 0.8457897167487682 0.9034405788177339 0.8082666256157633 0.8428263546798028
0 0.8679187192118225 0.8139624384236452 0.9006311576354677 0.8726524014778324 0.9968442118226599 0.815886699507389 0.9949199507389161 0.7341056034482758
0 0.61328125 0.998046875 0.618726908866995 0.9602062807881773 0.6812653940886699 0.9679033251231526 0.68359375 0.998046875
0 0.264662869458128 0.3502155172413793 0.3945504926108373 0.35406403940886694 0.39839901477832507 0.4233374384236453 0.264662869458128 0.4281480911330049
1 0.3108451354679802 0.4233374384236453 0.38877770935960587 0.4329587438423645 0.38973983990147776 0.475292487684729 0.3098830049261083 0.4762546182266009
1 0.26947352216748766 0.7013931650246304 0.33297413793103436 0.7052416871921181 0.32527709359605905 0.8120381773399014 0.3223907019704433 0.8505233990147782 0.25985221674876835 0.8457127463054186
1 0.25985221674876835 0.8457127463054186 0.2531173029556649 0.9967672413793103 0.313731527093596 0.9938808497536945 0.3223907019704433 0.8514855295566501
0 0.36376231527093583 0.9784867610837438 0.37049722906403937 0.9101754926108373 0.4811422413793103 0.9217210591133004 0.4811422413793103 0.9852216748768472
0 0.301223830049261 0.26362376847290636 0.30603448275862066 0.3434806034482758 0.38011853448275856 0.3434806034482758 0.38108066502463045 0.2674722906403941
0 0.30603448275862066 0.25881311576354676 0.4032096674876846 0.26362376847290636 0.40994458128078803 0.19338823891625614 0.3483682266009851 0.1924261083743842 0.3483682266009851 0.2049338054187192 0.30507235221674867 0.20012315270935957
0 0.5138546798029555 0.3059575123152709 0.5715825123152708 0.36753386699507384 0.6524014778325122 0.30018472906403937 0.617764778325123 0.2626616379310345 0.5965979064039407 0.2876770320197044 0.5648475985221674 0.255926724137931
1 0.31758004926108363 0.17991841133004924 0.3204664408866994 0.11545566502463053 0.4320735837438423 0.12026631773399013 0.4339978448275861 0.18376693349753692
1 0.40032327586206884 0.028863916256157633 0.44554341133004915 0.06927339901477832 0.49268780788177335 0.022129002463054184 0.46671028325123143 0.0038485221674876844 0.4253386699507389 0.0038485221674876844
0 0.618726908866995 0.13566040640394086 0.6254618226600984 0.20685806650246302 0.7053186576354677 0.20012315270935957 0.6985837438423643 0.12411483990147781
0 0.5879387315270935 0.05676570197044334 0.5937115147783251 0.13566040640394084 0.6803032635467978 0.12411483990147781 0.6803032635467979 0.05580357142857142
1 0.5667718596059113 0.002886391625615763 0.5763931650246304 0.054841440886699504 0.678379002463054 0.05003078817733989 0.6803032635467978 0.042333743842364525 0.6793411330049259 0.0038485221674876844
0 0.7794027093596059 0.055803571428571425 0.7909482758620687 0.16067580049261082 0.8506003694581279 0.1597136699507389 0.8400169334975367 0.04906865763546797
0 0.8977447660098521 0.041371613300492605 0.9006311576354677 0.146243842364532 0.9737530788177338 0.1452817118226601 0.9699045566502462 0.073121921182266 0.947775554187192 0.07504618226600984 0.9468134236453201 0.05003078817733989 0.9323814655172413 0.05099291871921181 0.9294950738916254 0.03752309113300492
