1 0.052397629310344807 0.03848522167487684 0.03507927955665019 0.12988762315270935 0.1774745997536945 0.14816810344827586 0.184209513546798 0.055803571428571425
1 0.3877289870689654 0.4233374384236453 0.344433112684729 0.4695197044334975 0.3502058959359605 0.47336822660098515 0.42140355603448265 0.5310960591133004 0.46662369150246297 0.4695197044334975
1 0.31816681338028174 0.2558318661971831 0.2824053697183099 0.3411091549295775 0.3360475352112676 0.3576144366197183 0.3745598591549296 0.2654599471830986
0 0.21088248239436624 0.6505831866197184 0.15999119718309862 0.7138534330985916 0.23288952464788737 0.7743727992957747 0.2975352112676056 0.7166043133802817
1 0.7940691021126761 0.5873129401408451 0.7555567781690141 0.6877200704225352 0.6468970070422536 0.6340779049295775 0.6964128521126761 0.5419234154929577
0 0.8174515845070423 0.7111025528169015 0.8270796654929577 0.7895026408450705 0.7252970950704226 0.7936289612676056 0.7184198943661972 0.702849911971831
0 0.5905039612676056 0.8170114436619719 0.5464898767605634 0.9091659330985916 0.46671434859154937 0.8816571302816902 0.5024757922535211 0.7867517605633804
0 0.1324823943661972 0.7234815140845071 0.1930017605633803 0.8142605633802817 0.070587588028169 0.8568992077464789 0.030699823943661997 0.7674955985915494 0.13110695422535212 0.7069762323943662
1 0.4176240808823529 0.6103515625 0.35012637867647056 0.6792853860294117 0.2668313419117647 0.6146599264705882 0.33002068014705876 0.568704044117647
0 0.6017741687192117 0.22610067733990144 0.6883659174876846 0.22610067733990144 0.6883659174876846 0.31173029556650245 0.6017741687192117 0.31173029556650245
0 0.9125423337438423 0.4743303571428571 0.976042949507389 0.4743303571428571 0.976042949507389 0.6176878078817734 0.9125423337438423 0.6176878078817734
0 0.2890817426108374 0.9640548029556649 0.3939539716748768 0.9640548029556649 0.3939539716748768 0.9977293719211822 0.2890817426108374 0.9977293719211822
