1 0.021784855769230754 0.16376201923076922 0.12770432692307693 0.16902043269230768 0.13221153846153844 0.062349759615384616 0.05859375 0.05859375 0.05859375 0.0751201923076923 0.021033653846153827 0.07887620192307691
0 0.18930288461538458 0.14122596153846154 0.1998197115384615 0.20808293269230768 0.2486478365384615 0.21409254807692307 0.3117487980769231 0.20057091346153846 0.302734375 0.11643629807692307
1 0.3230168269230769 0.10516826923076923 0.33353365384615385 0.19080528846153846 0.43118990384615385 0.17503004807692307 0.41541466346153844 0.087890625
1 0.26517427884615385 0.02478966346153846 0.30573918269230765 0.10667067307692307 0.39813701923076916 0.06159855769230769 0.37184495192307687 0.001502403846153846 0.3245192307692307 0.002253605769230769
0 0.6302584134615384 0.18855168269230768 0.6475360576923077 0.27944711538461536 0.7136418269230769 0.2681790865384615 0.6813401442307692 0.1795372596153846
0 0.6843449519230769 0.2997295673076923 0.6865985576923077 0.3455528846153846 0.7301682692307692 0.341796875 0.732421875 0.2959735576923077
0 0.6941105769230769 0.37635216346153844 0.6663161057692307 0.41015625 0.7016225961538461 0.4319411057692308 0.7279146634615384 0.3943810096153846
1 0.4514723557692307 0.35757211538461536 0.478515625 0.4432091346153846 0.5491286057692307 0.41841947115384615 0.5341045673076923 0.36959134615384615 0.4815204326923077 0.3455528846153846
0 0.838341346153846 0.5063100961538461 0.8413461538461537 0.6114783653846154 0.9134615384615383 0.6077223557692307 0.9097055288461537 0.5048076923076923
0 0.9006911057692308 0.6212439903846154 0.9089543269230769 0.68359375 0.9585336538461537 0.6858473557692307 0.9607872596153846 0.6212439903846154
1 0.565655048076923 0.6753305288461539 0.594951923076923 0.7759915865384616 0.6813401442307692 0.7451923076923077 0.6565504807692307 0.6512920673076923
1 0.2291165865384615 0.7692307692307692 0.21859975961538458 0.8774038461538461 0.3064903846153846 0.8834134615384615 0.32527043269230765 0.8503605769230769 0.3342848557692307 0.810546875 0.33653846153846156 0.7729867788461539
0 0.8503605769230769 0.8721454326923077 0.9021935096153846 0.9420072115384615 0.9735576923076923 0.8856670673076923 0.9450120192307692 0.8533653846153846 0.9352463942307692 0.8601262019230769 0.9112079326923077 0.8233173076923077
1 0.29447115384615385 0.2974759615384615 0.3102463942307692 0.4048978365384615 0.3838641826923077 0.4191706730769231 0.38536658653846156 0.38686899038461536 0.36959134615384615 0.28470552884615385
1 0.08188100961538461 0.4319411057692308 0.1397235576923077 0.4402043269230769 0.1532451923076923 0.3981370192307692 0.22986778846153844 0.4094050480769231 0.23737980769230765 0.3260216346153846 0.10667067307692307 0.3064903846153846 0.09840745192307693 0.3688401442307692 0.08713942307692307 0.37259615384615385
0 0.3936298076923077 0.45748197115384615 0.38161057692307687 0.5776742788461539 0.42518028846153844 0.5799278846153846 0.4319411057692307 0.5521334134615384 0.46724759615384615 0.5491286057692307 0.47626201923076916 0.4567307692307692
1 0.38161057692307687 0.6009615384615384 0.3553185096153846 0.7459435096153846 0.4364483173076923 0.7527043269230769 0.458233173076923 0.60546875
1 0.205078125 0.966045673076923 0.11568509615384615 0.9622896634615384 0.11328125 0.998046875 0.20357572115384615 0.9975961538461539
0 0.08939302884615385 0.9532752403846153 0.005258413461538464 0.9487680288461539 0.001953125 0.998046875 0.083984375 0.998046875
