0 0.12613531403940884 0.08370535714285714 0.11458974753694579 0.15682727832512314 0.17231758004926107 0.1645243226600985 0.19156019088669946 0.09813731527093594
0 0.3099022475369458 0.11930418719211822 0.3147129002463054 0.17125923645320196 0.367630080049261 0.15778940886699505 0.3618572967980295 0.10872075123152708
0 0.37340286330049255 0.24053263546798026 0.3878348214285714 0.3598368226600985 0.5042526169950738 0.3377078201970443 0.4792372229064039 0.21936576354679801
1 0.2483258928571428 0.766818041871921 0.2483258928571428 0.8466748768472906 0.3387661637931034 0.8447506157635467 0.34165255541871914 0.7774014778325122 0.29931881157635465 0.7783636083743841 0.29931881157635465 0.7571967364532018 0.24640163177339897 0.7571967364532018
1 0.23004541256157635 0.8957435344827586 0.20791641009852213 0.9669411945812807 0.2752655480295566 0.9804110221674875 0.2935460283251231 0.9101754926108373
1 0.5744881465517242 0.6744535098522166 0.5937307573891625 0.7600831280788176 0.6524207204433496 0.7389162561576353 0.6293295874384236 0.6619458128078817
1 0.6235568041871921 0.5407173645320197 0.6707012007389161 0.6071043719211822 0.745747383004926 0.56092210591133 0.7024515086206896 0.4935729679802955
1 0.8044373460591132 0.4493149630541871 0.8342633928571428 0.5147398399014778 0.9227794027093594 0.4974214901477832 0.8996882697044334 0.4252616995073891
0 0.6630041564039408 0.1289254926108374 0.6293295874384236 0.19916102216748766 0.6986029864532018 0.2289870689655172 0.7370882081280787 0.15394088669950737
1 0.7265047721674875 0.04463323583743843 0.8217556958128077 0.11463785406403944 0.8708243534482757 0.057140932881773396 0.7890432573891624 -0.0005868996305418844 0.7621036022167486 0.004223753078817713
1 0.998046875 0.0 0.9378559883004923 -0.0007600831280788131 0.904498922413793 0.04425800492610837 0.9699237992610836 0.08659174876847289 0.9984702124384233 0.07043757697044348 1.002318734605911 0.03580087746305414
1 0.7649899938423644 0.840902093596059 0.7139970751231526 0.8995920566502462 0.7621036022167487 0.9294181034482758 0.8044373460591132 0.865917487684729
0 0.31086437807881767 0.004810652709359605 0.3166371613300492 0.03463669950738916 0.40130464901477825 0.010583435960591131 0.3936076046798029 0.0019242610837438422
