1 0.9392714389534884 0.9038880813953488 0.9725805474806202 0.9871608527131782 0.84765625 0.998046875 0.8287457606589146 0.9281128875968992
1 0.9014201792635659 0.7343144379844961 0.9256449854651163 0.8130450581395349 0.7848382994186047 0.8478682170542635 0.7742399467054264 0.766109496124031
1 0.8923358769379846 0.6374152131782945 0.8938499273255813 0.7146317829457364 0.7742399467054264 0.7312863372093023 0.7757539970930232 0.6555838178294573
0 0.9074763808139534 0.5632267441860465 0.883251574612403 0.6268168604651163 0.7696977955426356 0.6283309108527132 0.7969507025193798 0.5450581395348837
1 0.9619821947674418 0.48146802325581395 0.9241309350775193 0.5541424418604651 0.8302598110465116 0.5147771317829457 0.8938499273255813 0.4284762596899225
1 0.9968053536821706 0.3709423449612403 0.9498697916666667 0.32097868217054265 0.9937772529069766 0.29372577519379844 0.998046875 0.322265625
0 0.47294391957364335 0.7191739341085271 0.48505632267441856 0.8327277131782945 0.37755874515503873 0.8387839147286822 0.36393229166666663 0.750968992248062
1 0.45628936531007747 0.8524103682170543 0.47597202034883723 0.9296269379844961 0.3987554505813953 0.9493095930232558 0.3821008963178294 0.8675508720930233
0 0.06717841569767441 0.5132630813953488 0.06717841569767441 0.6086482558139534 0.003588299418604668 0.6041061046511628 0.0 0.5234375 0.003588299418604668 0.5056928294573644
0 0.15953548934108525 0.4981225775193798 0.14439498546511625 0.6237887596899224 0.07323461724806202 0.6237887596899224 0.0823189195736434 0.4935804263565891
0 0.23372395833333337 0.5299176356589147 0.22312560562015504 0.6298449612403101 0.15650738856589147 0.616218507751938 0.16861979166666663 0.5238614341085271
0 0.3381934350775193 0.5935077519379844 0.3018562257751938 0.6722383720930233 0.23826610949612403 0.6374152131782945 0.27460331879844957 0.5465721899224806
0 0.3903498604985297 0.630807091782182 0.3252456938318631 0.6943972080612517 0.36915315507217317 0.7367906189139648 0.44031352328922746 0.6716864522472982
0 0.8196614583333333 0.8478682170542635 0.8348019622093024 0.9205426356589147 0.9362433381782946 0.8948037790697674 0.9226168846899225 0.826671511627907
0 0.9968053536821706 0.45118701550387597 0.9665243459302326 0.47238372093023256 0.9074763808139534 0.4148498062015504 0.9574400436046511 0.3573158914728682 0.998046875 0.400390625 0.998046875 0.453125
1 0.48505632267441856 0.9477955426356589 0.5047389777131783 0.9977592054263565 0.3987554505813953 0.9962451550387597 0.3972414001937984 0.9674781976744186
0 0.26703306686046513 0.9265988372093023 0.2700611676356589 0.9826187015503876 0.23372395833333337 0.9811046511627907 0.2291818071705426 0.9250847868217054
0 0.10390047721674875 0.9159482758620688 0.134765625 0.9159482758620688 0.134765625 0.998046875 0.10390047721674875 0.998046875
