1 0.002293221393034811 0.28276585820895517 0.21218128109452733 0.27207711442786064 0.19954912935323377 0.16518967661691542 0.001321517412935319 0.17490671641791042
1 0.04601990049751242 0.3226057213930348 0.0450481965174129 0.4635027985074626 0.15290733830845765 0.46253109452736313 0.14319029850746268 0.3167754975124378
1 0.16456778606965172 0.3226057213930348 0.2549362562189054 0.3255208333333333 0.24716262437810943 0.42949315920398007 0.15290733830845765 0.4226912313432835 0.14902052238805968 0.35953047263681587 0.1684546019900497 0.35953047263681587
0 0.25396455223880593 0.32357742537313433 0.3453047263681592 0.3187189054726368 0.34821983830845765 0.42949315920398007 0.2549362562189054 0.4275497512437811
0 0.34821983830845765 0.3216340174129353 0.4308146766169153 0.3264925373134328 0.42789956467661683 0.2856809701492537 0.474541355721393 0.2837375621890547 0.476484763681592 0.43240827114427854 0.35016324626865664 0.43046486318407956
1 0.4852300995024875 0.4090873756218905 0.5221548507462686 0.34301150497512434 0.6397310323383084 0.40131374378109447 0.5921175373134328 0.4877953980099502
1 0.47939987562189046 0.06801927860696516 0.6047496890547263 0.14381218905472634 0.6504197761194029 0.058302238805970144 0.5571361940298507 0.0 0.5211831467661691 0.002915111940298507
1 0.5464474502487562 0.8249766791044775 0.5464474502487562 0.8813355099502487 0.5270133706467661 0.8764769900497511 0.5240982587064675 0.8968827736318407 0.5493625621890547 0.9036847014925372 0.5415889303482586 0.9804493159203979 0.6290422885572139 0.994053171641791 0.6377876243781093 0.9542133084577114 0.6902596393034824 0.9581001243781093 0.700948383084577 0.8463541666666665
1 0.3151819029850746 0.5363805970149254 0.2860307835820895 0.7958255597014925 0.4074937810945273 0.8152596393034824 0.4181825248756218 0.7180892412935322 0.4473336442786069 0.7200326492537312 0.4589940920398009 0.6189754353233831 0.39680503731343275 0.609258395522388 0.40069185323383083 0.5956545398009949 0.42304104477611937 0.597597947761194 0.42401274875621886 0.5587297885572139
1 0.1606809701492537 0.5324937810945273 0.15776585820895517 0.6257773631840795 0.283115671641791 0.648126554726368 0.29380441542288555 0.5276352611940298
1 0.15290733830845765 0.634522699004975 0.1548507462686567 0.6724191542288557 0.13347325870646765 0.6714474502487562 0.1266713308457711 0.7122590174129353 0.1480488184079602 0.7122590174129353 0.14221859452736313 0.7384950248756218 0.279228855721393 0.7520988805970148 0.2879741915422885 0.6520133706467661
1 0.13638837064676612 0.7452969527363184 0.11403917910447758 0.9308924129353233 0.1616526741293532 0.9367226368159203 0.24619092039800988 0.9503264925373133 0.27145522388059695 0.7618159203980098
0 0.10918065920398007 1.0017782182835822 0.11695429104477609 0.9434759794776119 0.22287002487562185 0.9609666511194029 0.21801150497512434 1.0027499222636815
0 0.001321517412935319 0.5606731965174129 0.05379353233830844 0.5655317164179103 0.04601990049751242 0.6753342661691542 0.003264925373134303 0.6636738184079601
1 0.5551927860696516 0.5198616293532338 0.6222403606965173 0.6413246268656716 0.681514303482587 0.6082866915422885 0.6581934079601989 0.5771921641791045 0.7028917910447761 0.5490127487562189 0.662080223880597 0.47516324626865664
1 0.5532493781094526 0.634522699004975 0.5377021144278606 0.806514303482587 0.6513914800995024 0.824004975124378 0.6543065920398009 0.7938821517412934 0.6980332711442785 0.7977689676616915 0.7126088308457711 0.7015702736318408 0.6076648009950248 0.6821361940298507 0.6066930970149252 0.6393812189054726
1 0.7194107587064676 0.9240807680348256 0.7135805348258706 1.0008453824626864 0.8544776119402985 1.0018170864427858 0.867109763681592 0.884240904850746 0.7903451492537313 0.8657785292288556 0.7777129975124377 0.9299109919154227
1 0.7223258706467661 0.8444107587064675 0.7349580223880596 0.7229477611940298 0.8000621890547263 0.7287779850746268 0.8000621890547263 0.6996268656716417 0.8758550995024874 0.7074004975124377 0.8593361318407959 0.8502409825870646
1 0.7854866293532338 0.5752487562189054 0.878770211442786 0.6549284825870646 0.8535059079601989 0.6869947139303482 0.8933457711442785 0.7219760572139302 0.9856576492537312 0.622862251243781 0.878770211442786 0.5247201492537313 0.8476756840796019 0.5519278606965173 0.8262981965174129 0.5344371890547263
1 0.7796564054726367 0.33523787313432835 0.8797419154228854 0.39062499999999994 0.9234685945273631 0.30608675373134325 0.9448460820895521 0.3167754975124378 0.9759406094527361 0.26430348258706465 0.8476756840796019 0.19336909203980096
1 0.7058069029850745 0.14284048507462685 0.6669387437810944 0.2060012437810945 0.706778606965174 0.22835043532338306 0.6727689676616915 0.2788790422885572 0.720382462686567 0.3167754975124378 0.7563355099502487 0.2555581467661691 0.7922885572139302 0.27790733830845765 0.8321284203980098 0.1962842039800995
1 0.8515624999999999 0.46641791044776115 0.9088930348258706 0.38285136815920395 0.9594216417910446 0.406172263681592 0.9720537935323381 0.3809079601990049 0.9973180970149254 0.3974269278606965 0.9944029850746268 0.4518423507462686 0.9516480099502487 0.5509561567164178
1 0.29866293532338306 0.8113728233830845 0.292832711442786 0.8861940298507461 0.39583333333333326 0.8988261815920398 0.4055503731343283 0.8278917910447761
0 0.27734375 0.998046875 0.2976912313432835 0.9122356965174128 0.3900031094527363 0.9153451492537312 0.38805970149253727 1.0026041666666656
1 0.9156949626865671 0.005830223880597014 0.8923740671641789 0.0408115671641791 0.9555348258706466 0.0787080223880597 0.9944029850746268 0.002915111940298507
1 0.6484763681592038 0.062189054726368154 0.7058069029850745 0.09036847014925373 0.6785991915422884 0.13992537313432835 0.6222403606965173 0.10980254975124377
