0 0.19456129807692307 0.15775240384615383 0.21634615384615385 0.23662860576923075 0.30573918269230765 0.21935096153846154 0.28170072115384615 0.13671875
0 0.6204927884615384 0.31400240384615385 0.5979567307692307 0.37635216346153844 0.6475360576923077 0.3928786057692308 0.6430288461538461 0.4146634615384615 0.741436298076923 0.44245793269230765 0.7594651442307692 0.3658353365384615
0 0.926231971153846 0.29897836538461536 0.998046875 0.36328125 0.998046875 0.2890625 0.9607872596153846 0.25540865384615385
0 0.6467848557692307 0.731670673076923 0.7151442307692307 0.7737379807692307 0.7542067307692307 0.7189002403846153 0.6775841346153846 0.6685697115384616
0 0.6197415865384616 0.859375 0.6512920673076923 0.7940204326923077 0.5746694711538461 0.7557091346153846 0.5453725961538461 0.8278245192307692
0 0.2937199519230769 0.8999399038461539 0.3440504807692307 0.9637920673076923 0.40489783653846156 0.9134615384615384 0.3538161057692307 0.849609375
0 0.001502403846153827 0.7835036057692307 0.03605769230769229 0.7759915865384616 0.06234975961538461 0.869140625 0.0 0.8826622596153846
0 0.2095853365384615 0.8383413461538461 0.26216947115384615 0.9254807692307692 0.18855168269230765 0.9675480769230769 0.15700120192307693 0.9164663461538461 0.12394831730769229 0.9344951923076923 0.10667067307692307 0.9014423076923077
1 0.370342548076923 0.7835036057692307 0.4649939903846153 0.8225661057692307 0.5040564903846153 0.7459435096153846 0.409405048076923 0.7189002403846153
0 0.7572115384615384 0.7887620192307692 0.7872596153846153 0.8037860576923077 0.8052884615384615 0.7692307692307692 0.7737379807692307 0.7549579326923077
