0 0.5330106988916256 0.7752403846153846 0.6326622596153846 0.7752403846153846 0.6326622596153846 0.8880464901477831 0.5330106988916256 0.8880464901477831
0 0.6364182692307692 0.7189002403846153 0.7385817307692308 0.7189002403846153 0.7385817307692308 0.8188100961538461 0.6364182692307692 0.8188100961538461
0 0.7228064903846154 0.6580528846153846 0.8482572115384615 0.6580528846153846 0.8482572115384615 0.771484375 0.7228064903846154 0.771484375
0 0.8272235576923077 0.634014423076923 0.8970853365384615 0.634014423076923 0.8970853365384615 0.741436298076923 0.8272235576923077 0.741436298076923
0 0.900841346153846 0.6015625 0.998046875 0.6015625 0.998046875 0.7196514423076923 0.900841346153846 0.7196514423076923
0 0.5462740384615384 0.5731670673076923 0.6484375 0.5731670673076923 0.6484375 0.7181490384615384 0.5462740384615384 0.7181490384615384
1 0.6325623460591132 0.5453725961538461 0.7235576923076923 0.5453725961538461 0.7235576923076923 0.6494381157635467 0.6325623460591132 0.6494381157635467
0 0.7092848557692308 0.48001802884615385 0.8152043269230769 0.48001802884615385 0.8152043269230769 0.6107271634615384 0.7092848557692308 0.6107271634615384
0 0.7761418269230769 0.4432091346153846 0.8880709134615383 0.4432091346153846 0.8880709134615383 0.5896935096153846 0.7761418269230769 0.5896935096153846
1 0.8737980769230769 0.4236778846153846 0.9737079326923077 0.4236778846153846 0.9737079326923077 0.5551382211538461 0.8737980769230769 0.5551382211538461
1 0.25976562499999994 0.5896935096153846 0.38251201923076916 0.5896935096153846 0.38251201923076916 0.7004310344827586 0.25976562499999994 0.7004310344827586
0 0.23978365384615385 0.5025540865384616 0.3479567307692307 0.5025540865384616 0.3479567307692307 0.6099759615384616 0.23978365384615385 0.6099759615384616
1 0.05649038461538458 0.4364483173076923 0.24879807692307687 0.4364483173076923 0.24879807692307687 0.60546875 0.05649038461538458 0.60546875
0 0.26307091346153844 0.3560697115384615 0.3689903846153846 0.3560697115384615 0.3689903846153846 0.46048677884615385 0.26307091346153844 0.46048677884615385
0 0.13161057692307693 0.33503605769230765 0.23903245192307687 0.33503605769230765 0.23903245192307687 0.42518028846153844 0.13161057692307693 0.42518028846153844
0 0.0009014423076922906 0.34329927884615385 0.06325120192307693 0.34329927884615385 0.06325120192307693 0.4432091346153846 0.0009014423076922906 0.4432091346153846
0 0.00015024038461536326 0.185546875 0.09705528846153844 0.185546875 0.09705528846153844 0.25540865384615385 0.00015024038461536326 0.25540865384615385
0 0.13833177860696516 0.012770432692307692 0.23452524038461542 0.012770432692307692 0.23452524038461542 0.1253498134328358 0.13833177860696516 0.1253498134328358
0 0.33067908653846156 0.09765625 0.42457932692307687 0.09765625 0.42457932692307687 0.17803485576923075 0.33067908653846156 0.17803485576923075
0 0.44247512437810943 0.033183690920398023 0.5972249629257558 0.033183690920398023 0.5972249629257558 0.1671330845771144 0.44247512437810943 0.1671330845771144
0 0.5785757211538461 0.013521634615384614 0.6912560096153846 0.013521634615384614 0.6912560096153846 0.15174278846153846 0.5785757211538461 0.15174278846153846
0 0.6157359237466514 0.3750777363184079 0.7174673507462686 0.3750777363184079 0.7174673507462686 0.4760901023727516 0.6157359237466514 0.4760901023727516
0 0.5154747596153846 0.28470552884615385 0.6694711538461537 0.28470552884615385 0.6694711538461537 0.42818509615384615 0.5154747596153846 0.42818509615384615
0 0.8707932692307692 0.18028846153846154 0.9977463942307692 0.18028846153846154 0.9977463942307692 0.2726862980769231 0.8707932692307692 0.2726862980769231
0 0.8843149038461537 0.10141225961538461 0.9909855769230769 0.10141225961538461 0.9909855769230769 0.19756610576923075 0.8843149038461537 0.19756610576923075
1 0.6889765003315649 0.14431958128078817 0.8043315116995072 0.14431958128078817 0.8043315116995072 0.2464460377984086 0.6889765003315649 0.2464460377984086
1 0.7079933805418719 0.21409254807692307 0.8484681401572565 0.21409254807692307 0.8484681401572565 0.35757211538461536 0.7079933805418719 0.35757211538461536
0 0.7521033653846154 0.3072415865384615 0.9030949519230769 0.3072415865384615 0.9030949519230769 0.41541466346153844 0.7521033653846154 0.41541466346153844
1 0.001652644230769218 0.8270733173076923 0.11207932692307693 0.8270733173076923 0.11207932692307693 0.9112079326923077 0.001652644230769218 0.9112079326923077
1 0.6657847136699506 0.0009621305418719211 0.7494900708128078 0.0009621305418719211 0.7494900708128078 0.04522013546798029 0.6657847136699506 0.04522013546798029
1 0.4055503731343283 0.5023709577114427 0.47939987562189046 0.5023709577114427 0.47939987562189046 0.5703902363184079 0.4055503731343283 0.5703902363184079
0 0.9584499378109452 0.4129741915422885 0.998046875 0.4129741915422885 0.998046875 0.5234375 0.9584499378109452 0.5234375
0 0.9739972014925371 0.3507851368159204 0.998046875 0.3507851368159204 0.998046875 0.384765625 0.9739972014925371 0.384765625
