1 0.16225961538461536 0.4236778846153846 0.3034855769230769 0.3703425480769231 0.2711838942307692 0.2809495192307692 0.12545072115384615 0.3365384615384615
0 0.06460336538461536 0.5333533653846154 0.12019230769230771 0.4710036057692307 0.07361778846153846 0.43569711538461536 0.07887620192307693 0.42518028846153844 0.05784254807692307 0.4079026442307692 0.048828125 0.4176682692307692 0.018780048076923073 0.3928786057692308 0.0 0.416015625 0.0 0.48828125
0 0.06159855769230768 0.16451322115384615 0.14573317307692307 0.1141826923076923 0.09239783653846151 0.04056490384615385 0.006009615384615391 0.09164663461538461
0 0.9142127403846154 0.26968149038461536 0.998046875 0.171875 0.998046875 0.154296875 0.9442608173076923 0.10366586538461538 0.8443509615384615 0.19305889423076922
0 0.790264423076923 0.1329627403846154 0.8488581730769231 0.1923076923076923 0.945763221153846 0.10291466346153846 0.8856670673076923 0.04957932692307692
0 0.7249098557692307 0.06385216346153846 0.7872596153846153 0.1239483173076923 0.8954326923076923 0.03680889423076923 0.8511117788461537 0.000751201923076923 0.7865084134615384 0.001502403846153846
0 0.9540264423076923 0.10366586538461538 0.998046875 0.056640625 0.998046875 0.140625
1 0.9097055288461537 0.8015324519230769 0.94140625 0.998046875 0.998046875 0.998046875 0.998046875 0.83203125 0.9885817307692308 0.7774939903846153
1 0.8834134615384615 0.05033052884615385 0.9375 0.001502403846153846 0.998046875 0.0 0.9975961538461537 0.05934495192307692 0.9487680288461537 0.1044170673076923
0 0.4417067307692307 0.9224759615384615 0.486328125 0.998046875 0.365234375 0.998046875 0.34930889423076916 0.966796875
0 0.24038461538461536 0.8706430288461539 0.263671875 0.998046875 0.34254807692307687 0.9885817307692307 0.3192608173076923 0.8646334134615384
0 0.7600735067733989 0.4560498768472906 0.79567233682266 0.4560498768472906 0.79567233682266 0.5070427955665024 0.7600735067733989 0.5070427955665024
0 0.7745054649014778 0.5493765394088669 0.808180033866995 0.5493765394088669 0.808180033866995 0.5965209359605911 0.7745054649014778 0.5965209359605911
0 0.6426935806650246 0.45893626847290636 0.661936191502463 0.45893626847290636 0.661936191502463 0.4974214901477832 0.6426935806650246 0.4974214901477832
0 0.6648225831280787 0.5888238916256157 0.6831030634236452 0.5888238916256157 0.6831030634236452 0.6321197660098521 0.6648225831280787 0.6321197660098521
