1 0.6874037869458127 0.6436653325123152 0.6152646560077519 0.616218507751938 0.5774133963178294 0.7025193798449613 0.659172117248062 0.7403706395348837 0.6816310036945812 0.6879233374384236
1 0.21252725290697672 0.1847141472868217 0.1474230862403101 0.1847141472868217 0.14893713662790697 0.2967538759689922 0.22312560562015504 0.28615552325581395
1 0.17316194282945735 0.32097868217054265 0.07323461724806202 0.32097868217054265 0.0747486676356589 0.3997093023255814 0.17770409399224807 0.40122335271317827
1 0.003588299418604668 0.4860101744186046 0.09291727228682167 0.45875726744186046 0.1110858769379845 0.5768531976744186 0.003588299418604668 0.5859375
1 0.0747486676356589 0.6555838178294573 0.11562802810077516 0.720687984496124 0.011158551356589164 0.7418846899224806 0.0005601986434108364 0.6661821705426356
1 0.2700611676356589 0.4708696705426356 0.2821735707364341 0.5299176356589147 0.19435864825581395 0.5480862403100775 0.17770409399224807 0.48146802325581395
0 0.3397074854651163 0.9977592054263565 0.3578760901162791 0.9720203488372092 0.2715752180232558 0.9387112403100775 0.244140625 0.998046875
1 0.3578760901162791 0.7676235465116279 0.37301659399224807 0.841812015503876 0.27914546996124034 0.8584665697674418 0.24583636143410847 0.7933624031007752
1 0.08414793719211816 0.023091133004926104 0.1171420784883721 0.08781492248062016 0.05052386143410853 0.10749757751937984 0.023533713054187166 0.03944735221674876
0 0.31699672965116277 0.5677688953488372 0.3381934350775193 0.6601259689922481 0.23220990794573637 0.6722383720930233 0.21101320251937983 0.5798812984496123
1 0.16104953972868213 0.015140503875968991 0.19133054748062012 0.06661821705426356 0.14590903585271314 0.08024467054263566 0.1247123304263566 0.013626453488372093
1 0.14142356834975367 0.09525092364532019 0.16932535406403937 0.1645243226600985 0.21935614224137928 0.1452817118226601 0.1933786176108374 0.073121921182266
