0 0.21559495192307693 0.7955228365384616 0.2771935096153846 0.8571213942307692 0.18855168269230765 0.9412560096153846 0.12620192307692307 0.8819110576923077
1 0.12770432692307693 0.8894230769230769 0.19305889423076922 0.9487680288461539 0.14453125 0.998046875 0.07421875 0.998046875 0.044320913461538464 0.9743088942307692
0 0.06911057692307693 0.8405949519230769 0.12169471153846151 0.8856670673076923 0.04507211538461539 0.9705528846153846 0.0 0.9284855769230769 0.0007512019230769273 0.9149639423076923
0 0.004507211538461536 0.7677283653846153 0.06610576923076922 0.8323317307692307 0.0 0.9044471153846153
1 0.08488581730769229 0.8255709134615384 0.13521634615384615 0.8736478365384616 0.21784855769230765 0.7947716346153846 0.15700120192307693 0.7429387019230769
1 0.09014423076923078 0.6715745192307692 0.15850360576923078 0.7369290865384616 0.08713942307692307 0.809795673076923 0.021033653846153827 0.7527043269230769
0 0.030048076923076927 0.614483173076923 0.09089543269230771 0.673828125 0.020282451923076927 0.7481971153846153 0.0 0.728515625 0.0 0.66015625
0 0.2997295673076923 0.9975961538461539 0.29822716346153844 0.9893329326923077 0.350811298076923 0.9329927884615384 0.42578125 0.998046875
0 0.360576923076923 0.9344951923076923 0.423828125 0.998046875 0.443359375 0.998046875 0.5010516826923077 0.947265625 0.4259314903846154 0.8743990384615384
1 0.4236778846153846 0.8743990384615384 0.5010516826923077 0.9502704326923077 0.5521334134615384 0.8961838942307692 0.4747596153846153 0.819561298076923
0 0.47626201923076916 0.8150540865384616 0.5679086538461539 0.8991887019230769 0.634765625 0.8353365384615384 0.537109375 0.751953125
0 0.536358173076923 0.9848257211538461 0.585186298076923 0.9307391826923077 0.6520432692307692 0.9900841346153846 0.642578125 0.998046875 0.55078125 0.998046875
1 0.5776742788461539 0.9051983173076923 0.663311298076923 0.9870793269230769 0.7286658653846153 0.9224759615384615 0.6452824519230769 0.8481069711538461
1 0.6573016826923077 0.8608774038461539 0.721905048076923 0.9202223557692307 0.7767427884615384 0.8668870192307692 0.7106370192307692 0.8060396634615384
1 0.7001201923076923 0.7827524038461539 0.7782451923076923 0.8601262019230769 0.8390925480769231 0.7955228365384616 0.7549579326923077 0.7211538461538461
1 0.7549579326923077 0.7211538461538461 0.8390925480769231 0.8052884615384616 0.9044471153846154 0.7346754807692307 0.8173076923076923 0.653545673076923
0 0.8173076923076923 0.6603064903846153 0.9029447115384615 0.7391826923076923 0.9660456730769231 0.6655649038461539 0.9036959134615383 0.6092247596153846 0.867638221153846 0.6475360576923077 0.8526141826923077 0.6325120192307692
0 0.9006911057692308 0.6092247596153846 0.947265625 0.5596454326923077 0.998046875 0.60546875 0.998046875 0.63671875 0.966796875 0.6693209134615384
0 0.8413461538461537 0.9435096153846153 0.896484375 0.998046875 0.94921875 0.998046875 0.9923377403846154 0.956280048076923 0.9119591346153846 0.8819110576923077
0 0.9247295673076923 0.8954326923076923 0.9773137019230769 0.8420973557692307 0.998046875 0.85546875 0.998046875 0.9609375
0 0.9209735576923077 0.3605769230769231 0.9743088942307692 0.4124098557692308 0.998046875 0.3984375 0.998046875 0.333984375 0.9728064903846154 0.3094951923076923
1 0.8563701923076923 0.4289362980769231 0.9247295673076923 0.4957932692307692 0.9840745192307692 0.4364483173076923 0.9119591346153846 0.3733473557692308
1 0.7850060096153846 0.5033052884615384 0.867638221153846 0.5859375 0.9314903846153846 0.5130709134615384 0.8503605769230769 0.4387019230769231
1 0.7234074519230769 0.5611478365384616 0.8082932692307692 0.643780048076923 0.8728966346153846 0.5769230769230769 0.791015625 0.4987980769230769
1 0.6580528846153846 0.6234975961538461 0.7339242788461539 0.6911057692307692 0.7835036057692307 0.6370192307692307 0.7061298076923077 0.5694110576923077
1 0.5942007211538461 0.68359375 0.6896033653846153 0.7669771634615384 0.7459435096153846 0.7016225961538461 0.654296875 0.6212439903846154
1 0.5348557692307692 0.7466947115384616 0.6317608173076923 0.8368389423076923 0.6971153846153846 0.7699819711538461 0.6024639423076923 0.6896033653846153
0 0.25390625 0.6903545673076923 0.350811298076923 0.7774939903846153 0.419170673076923 0.7008713942307692 0.32076322115384615 0.6129807692307692
0 0.3215144230769231 0.6167367788461539 0.4131610576923077 0.7038762019230769 0.4657451923076923 0.6512920673076923 0.37259615384615385 0.56640625
1 0.38837139423076916 0.5776742788461539 0.4627403846153846 0.6467848557692307 0.5280949519230769 0.5806790865384616 0.45447716346153844 0.5153245192307692
0 0.44020432692307687 0.5010516826923077 0.5288461538461539 0.5881911057692307 0.5942007211538461 0.5183293269230769 0.507061298076923 0.4319411057692308
1 0.5100661057692307 0.43795072115384615 0.5987079326923077 0.5243389423076923 0.6610576923076923 0.45522836538461536 0.575420673076923 0.3786057692307692
1 0.6377704326923077 0.3357872596153846 0.5829326923076923 0.39212740384615385 0.6460336538461539 0.45072115384615385 0.7083834134615384 0.3876201923076923
0 0.7113882211538461 0.3801081730769231 0.760967548076923 0.32827524038461536 0.68359375 0.2644230769230769 0.6505408653846153 0.29822716346153844 0.6745793269230769 0.35456730769230765
0 0.6971153846153846 0.2561598557692308 0.770733173076923 0.3297776442307692 0.8210637019230769 0.2726862980769231 0.7436899038461539 0.20958533653846154
0 0.7496995192307692 0.1893028846153846 0.8285757211538461 0.27493990384615385 0.8939302884615383 0.21334134615384615 0.810546875 0.126953125
0 0.829326923076923 0.14798677884615385 0.8946814903846154 0.21259014423076922 0.9585336538461537 0.1524939903846154 0.888671875 0.08638822115384615
0 0.887169471153846 0.078125 0.9532752403846154 0.14798677884615385 0.998046875 0.099609375 0.998046875 0.080078125 0.9427584134615383 0.027794471153846152
0 0.17953725961538458 0.5784254807692307 0.26667668269230765 0.6648137019230769 0.3192608173076923 0.6069711538461539 0.23512620192307693 0.526592548076923
0 0.22611177884615385 0.5235877403846154 0.2967247596153846 0.5904447115384616 0.34930889423076916 0.5348557692307692 0.2779447115384615 0.46875
0 0.28921274038461536 0.4664963942307692 0.38236177884615385 0.5603966346153846 0.448467548076923 0.4890324519230769 0.35682091346153844 0.4026442307692308
0 0.35306490384615385 0.40339543269230765 0.43719951923076916 0.4762620192307692 0.48001802884615385 0.42593149038461536 0.4041466346153846 0.35306490384615385
1 0.41015625 0.34705528846153844 0.49654447115384615 0.4296875 0.555889423076923 0.36959134615384615 0.4657451923076923 0.2877103365384615
1 0.467998798076923 0.2771935096153846 0.5446213942307692 0.3508112980769231 0.5926983173076923 0.3004807692307692 0.5228365384615384 0.22686298076923075
0 0.5326021634615384 0.22085336538461536 0.6107271634615384 0.2997295673076923 0.6670673076923077 0.24714543269230768 0.585186298076923 0.16751802884615383
0 0.6002103365384616 0.15925480769230768 0.6610576923076923 0.224609375 0.7166466346153846 0.166015625 0.6527944711538461 0.10291466346153846
0 0.6550480769230769 0.09690504807692307 0.7481971153846153 0.18780048076923075 0.8128004807692307 0.1171875 0.7196514423076923 0.030799278846153844
0 0.7181490384615384 0.03004807692307692 0.7789963942307692 0.09390024038461538 0.8353365384615383 0.03831129807692307 0.7955228365384615 0.002253605769230769 0.7489483173076923 0.001502403846153846
0 0.07587139423076922 0.4972956730769231 0.008263221153846145 0.4371995192307692 0.07662259615384615 0.3658353365384615 0.1434795673076923 0.42593149038461536
0 0.09014423076923078 0.3650841346153846 0.15474759615384615 0.42593149038461536 0.18855168269230765 0.3801081730769231 0.12545072115384615 0.322265625
0 0.12319711538461536 0.30874399038461536 0.19756610576923078 0.37935697115384615 0.25240384615384615 0.322265625 0.18629807692307693 0.26216947115384615 0.17127403846153844 0.2756911057692308 0.1607572115384615 0.26893028846153844
1 0.01953125 0.08338341346153846 0.005258413461538464 0.1923076923076923 0.11117788461538458 0.20733173076923075 0.12244591346153844 0.10291466346153846
1 0.17352764423076922 0.22686298076923075 0.26893028846153844 0.3117487980769231 0.3260216346153846 0.24864783653846154 0.23287259615384615 0.1727764423076923
1 0.23362379807692307 0.1727764423076923 0.31775841346153844 0.24639423076923075 0.370342548076923 0.18855168269230768 0.31550480769230765 0.146484375 0.32752403846153844 0.13221153846153846 0.29597355769230765 0.10892427884615384
1 0.3049879807692307 0.11568509615384615 0.3936298076923077 0.185546875 0.43795072115384615 0.13972355769230768 0.3387920673076923 0.048828125 0.322265625 0.062349759615384616 0.33954326923076916 0.08188100961538461
0 0.38611778846153844 0.05183293269230769 0.37560096153846156 0.06610576923076923 0.42818509615384615 0.11343149038461538 0.4417067307692307 0.1006610576923077 0.4559795673076923 0.11268028846153846 0.48978365384615385 0.07361778846153846 0.41466346153846156 0.001502403846153846 0.39588341346153844 0.002253605769230769 0.380859375 0.01502403846153846 0.3876201923076923 0.023287259615384616 0.37560096153846156 0.03230168269230769
1 0.4364483173076923 0.00751201923076923 0.49954927884615385 0.07061298076923077 0.5536358173076923 0.01502403846153846 0.5401141826923077 0.0 0.4364483173076923 0.0
0 0.12845552884615385 0.07361778846153846 0.1825420673076923 0.12995793269230768 0.2388822115384615 0.0713641826923077 0.2118389423076923 0.043569711538461536 0.22085336538461536 0.03155048076923077 0.19381009615384615 0.00751201923076923
1 0.18780048076923078 0.002253605769230769 0.2741887019230769 0.087890625 0.35606971153846156 0.001502403846153846
1 0.003756009615384609 0.40339543269230765 0.08563701923076922 0.32076322115384615 0.054086538461538464 0.2741887019230769 0.003756009615384609 0.23587740384615383
