0 0.026442307692307654 0.6618088942307692 0.07977764423076922 0.7399338942307692 0.12635216346153844 0.7106370192307692 0.07076322115384615 0.6265024038461539
0 0.17818509615384615 0.5979567307692307 0.22325721153846156 0.6640625 0.29236778846153844 0.6077223557692307 0.24053485576923073 0.5498798076923077
0 0.5357572115384616 0.3590745192307692 0.6161358173076923 0.3650841346153846 0.6206430288461539 0.2741887019230769 0.5417668269230769 0.2674278846153846
0 0.19170673076923073 0.20658052884615383 0.24203725961538458 0.31099759615384615 0.326171875 0.2516526442307692 0.286358173076923 0.17578125
0 0.3780048076923077 0.12169471153846154 0.4658954326923077 0.0751201923076923 0.5252403846153846 0.1622596153846154 0.42908653846153844 0.22536057692307693
0 0.47040264423076916 0.07211538461538461 0.5139723557692307 0.14122596153846154 0.6123798076923077 0.07211538461538461 0.5710637019230769 0.010516826923076922
0 0.7506009615384615 0.21259014423076922 0.8354867788461537 0.2584134615384615 0.8775540865384615 0.1727764423076923 0.8001802884615383 0.13146033653846154
1 0.8152043269230769 0.1141826923076923 0.920372596153846 0.16751802884615383 0.9616887019230769 0.078125 0.8557692307692308 0.03004807692307692
0 0.37950721153846156 0.7429387019230769 0.44411057692307687 0.8405949519230769 0.510967548076923 0.8248197115384616 0.560546875 0.7857572115384616 0.48768028846153844 0.6881009615384616
1 0.7098251290735127 0.7630102252273588 0.786447725227359 0.9222650329196665 0.9224152733042819 0.8471448406119743 0.9524633502273587 0.7893022925350511 0.8848551771504358 0.6758708021504358 0.8225054175350512 0.6878900329196665
0 0.3028846153846153 0.8563701923076923 0.37349759615384615 0.9547776442307692 0.42533052884615385 0.9134615384615384 0.43509615384615385 0.8623798076923077 0.3967848557692307 0.8128004807692307 0.3622295673076923 0.8120492788461539
0 0.24203725961538458 0.80078125 0.27734375 0.8451021634615384 0.2938701923076923 0.9247295673076923 0.24053485576923073 0.9893329326923077 0.17593149038461542 0.908203125
0 0.3389423076923077 0.3846153846153846 0.3088942307692307 0.39663461538461536 0.28786057692307687 0.4371995192307692 0.33743990384615385 0.556640625 0.3967848557692307 0.5310997596153846
0 0.6243990384615384 0.5250901442307692 0.6506911057692307 0.6234975961538461 0.8309795673076923 0.5679086538461539 0.8046875 0.4830228365384615
1 0.6506911057692307 0.3951322115384615 0.6371694711538461 0.3635817307692308 0.6799879807692308 0.3508112980769231 0.6852463942307692 0.36283052884615385 0.7814002403846154 0.33503605769230765 0.803185096153846 0.3898737980769231 0.8452524038461537 0.38236177884615385 0.861778846153846 0.42593149038461536 0.6987680288461537 0.4567307692307692 0.6844951923076923 0.3913762019230769
0 0.9240879002463054 0.5137777093596059 0.9510275554187191 0.5878617610837438 0.998046875 0.572265625 0.998046875 0.513671875 0.9914370381773399 0.48972444581280783
0 0.022571582512315225 0.24053263546798026 0.06875384852216743 0.2241764162561576 0.057208282019704404 0.1645243226600985 0.005253232758620663 0.1818426724137931
0 0.09908982450738912 0.08274322660098521 0.1760602678571428 0.08274322660098521 0.1760602678571428 0.15586514778325122 0.09908982450738912 0.15586514778325122
1 0.3906153786945812 0.0 0.5060710437192117 0.0 0.5060710437192117 0.07600831280788177 0.3906153786945812 0.07600831280788177
0 0.1188976990049751 0.5733053482587064 0.1616526741293532 0.5733053482587064 0.1616526741293532 0.6199471393034826 0.1188976990049751 0.6199471393034826
0 0.5668532338308457 0.8045708955223879 0.6057213930348258 0.8045708955223879 0.6057213930348258 0.8463541666666665 0.5668532338308457 0.8463541666666665
