0 0.7666696947674418 0.48146802325581395 0.7712118459302326 0.5874515503875969 0.8559986676356588 0.5889656007751938 0.8499424660852712 0.47692587209302323
0 0.8817375242248062 0.5026647286821705 0.8981103756157633 0.5984451970443349 0.8942618534482758 0.6061422413793103 0.9731565578817734 0.6013315886699506 0.975608648255814 0.5011506782945736
0 0.5441042877906976 0.47995397286821706 0.5471323885658914 0.5450581395348837 0.628891109496124 0.5465721899224806 0.6349473110465116 0.4860101744186046
0 0.37755874515503873 0.9629360465116279 0.4366067102713178 0.9220566860465116 0.4820282218992248 0.9977592054263565 0.4078397529069767 0.9962451550387597
0 0.3835487565445026 0.8620337041884816 0.414226112565445 0.922365837696335 0.33548756544502617 0.9806528141361256 0.28947153141361254 0.9182755235602094
1 0.31503599476439786 0.6820598821989529 0.3170811518324607 0.7822725785340313 0.23834260471204188 0.7751145287958114 0.23425229057591623 0.6830824607329843
0 0.19846204188481673 0.514357002617801 0.0747300392670157 0.608434227748691 0.13608475130890052 0.6841050392670156 0.28129090314136124 0.6053664921465968 0.22897744766009848 0.5339824507389161
1 0.05734620418848167 0.3936927356020942 0.06041393979057591 0.4979957460732984 0.18619109947643978 0.48061191099476436 0.1800556282722513 0.3793766361256544
0 0.9711477388211383 0.19215256605691058 0.9548760775862069 0.31654094827586204 0.9596867302955663 0.3203894704433497 0.8557766317733988 0.30980603448275856 0.8568184705284554 0.18421303353658536
0 0.7472529217479675 0.03812563516260163 0.7805989583333333 0.15245490345528456 0.6710334095528455 0.15086699695121952 0.6678575965447154 0.04288935467479675
1 0.4900120680894309 0.1111693343495935 0.4995395071138211 0.22867441565040653 0.4098579895320197 0.21166871921182265 0.4079337284482758 0.09044027093596058
0 0.23912284044715448 0.07527326071829069 0.2520685806650246 0.19338823891625614 0.16355257081280783 0.20397167487684728 0.15496379573170732 0.07844907372642076
1 0.035870807926829285 0.15563071646341464 0.040634527439024404 0.2604325457317073 0.14067263719512196 0.23661394817073172 0.12161775914634149 0.1349879319105691
1 0.007288490853658569 1.5879065040649842e-05 0.01872306034482757 0.05387931034482758 0.12070889778325117 0.042333743842364525 0.1171875 0.0
0 0.8653979371921181 0.0019242610837438422 0.9693080357142856 0.0019242610837438422 0.9693080357142856 0.051955049261083734 0.8653979371921181 0.051955049261083734
