1 0.539562136627907 0.10749757751937984 0.47294391957364335 0.180171996124031 0.37301659399224807 0.12718023255813954 0.4214662063953488 0.040879360465116275
1 0.6924812257751938 0.1983406007751938 0.628891109496124 0.24830426356589147 0.5410761870155039 0.14686288759689922 0.6046663032945736 0.10901162790697674
1 0.9665243459302326 0.44058866279069764 0.9589540939922481 0.5117490310077519 0.8771953730620154 0.49055232558139533 0.8999061288759689 0.420906007751938
1 0.9332152374031006 0.28464147286821706 0.9332152374031006 0.3346051356589147 0.854484617248062 0.3346051356589147 0.8575127180232558 0.28009932170542634
1 0.4123819040697674 0.015140503875968991 0.3503058381782945 0.10446947674418604 0.29277192344961234 0.060562015503875966 0.33365128391472865 0.007570251937984496
1 0.08534702034883718 0.003028100775193798 0.11562802810077516 0.03785125968992248 0.05052386143410853 0.09235707364341085 0.0 0.0234375 0.02478500484496121 0.0
1 0.9180747335271318 0.5617126937984496 0.8590267684108528 0.6298449612403101 0.8090631056201549 0.5783672480620154 0.8650829699612403 0.5162911821705426
1 0.7030795784883721 0.31340843023255816 0.6122365552325582 0.41636385658914726 0.5531885901162791 0.390625 0.6394894622093023 0.2755571705426357
1 0.9089904312015504 0.11658187984496124 0.8423722141472867 0.21196705426356588 0.8060350048449612 0.17562984496124032 0.8514565164728682 0.07873062015503876
1 0.9952913032945736 0.6661821705426356 0.9922632025193798 0.7903343023255813 0.9347292877906976 0.7857921511627907 0.9407854893410852 0.6495276162790697
0 0.6782924107142856 0.025015394088669946 0.7610356373152708 0.025015394088669946 0.7610356373152708 0.08947814039408866 0.6782924107142856 0.08947814039408866
0 0.8889989993842364 0.14913023399014777 0.9938712284482758 0.14913023399014777 0.9938712284482758 0.25015394088669946 0.8889989993842364 0.25015394088669946
