0 0.03937088815789469 0.19510690789473684 0.10207648026315785 0.3215460526315789 0.4228001644736842 0.16632401315789472 0.35495476973684204 0.036800986842105254
1 0.4032689144736842 0.13240131578947367 0.4166324013157894 0.1303453947368421 0.42896792763157887 0.12212171052631579 0.42074424342105254 0.10361842105263158 0.44849917763157887 0.09539473684210525 0.40738075657894735 0.006990131578947366 0.35598273026315785 0.03577302631578946
1 0.47831003289473684 0.057360197368421045 0.4505550986842105 0.0008223684210526272 0.6057771381578947 0.002878289473684209
0 0.5574629934210525 0.3801398026315789 0.5821340460526315 0.4305098684210526 0.7342722039473684 0.3523848684210526 0.7096011513157894 0.3040707236842105
0 0.677734375 0.40481085526315785 0.7198807565789473 0.4849917763157895 0.8082853618421051 0.43462171052631576 0.7743626644736841 0.3667763157894737 0.7198807565789473 0.39453124999999994 0.7178248355263157 0.38733552631578944
0 0.45363898026315785 0.740953947368421 0.4834498355263157 0.7974917763157894 0.5924136513157894 0.7419819078947368 0.5636307565789473 0.682360197368421
0 0.07226562499999994 0.8108552631578947 0.11235608552631576 0.7933799342105262 0.09693667763157893 0.7522615131578947 0.05376233552631576 0.7717927631578947
0 0.7373560855263157 0.716282894736842 0.7096011513157894 0.7368421052631579 0.7538034539473684 0.8159950657894737 0.877158717105263 0.7543174342105262 0.8278166118421051 0.6782483552631579
1 0.603721217105263 0.6145148026315789 0.6561472039473684 0.7080592105263157 0.8555715460526314 0.6175986842105262 0.8504317434210527 0.6114309210526315 0.8709909539473684 0.6032072368421052 0.828844572368421 0.5168585526315789 0.8072574013157894 0.5333059210526315 0.799033717105263 0.5168585526315789
1 0.833984375 0.6741365131578947 0.8915501644736841 0.6474095394736842 0.8936060855263157 0.6525493421052632 0.9131373355263157 0.6443256578947368 0.9532277960526314 0.7224506578947368 0.8720189144736841 0.7594572368421052
1 0.6078330592105262 0.7810444078947368 0.7096011513157894 0.7317023026315789 0.7486636513157894 0.8211348684210525 0.653063322368421 0.8663651315789473
0 0.9197871767241379 0.9342287561576353 0.9804014008620687 0.9342287561576353 0.9804014008620687 0.9823352832512314 0.9197871767241379 0.9823352832512314
1 0.9476889624384235 0.889970751231527 0.9957954895320196 0.889970751231527 0.9957954895320196 0.939039408866995 0.9476889624384235 0.939039408866995
