0 0.9188250461822658 0.47336822660098515 0.9862070009689923 0.5056928294573644 0.9559259932170543 0.5632267441860465 0.8764913023399012 0.5195504926108374 0.913532582364341 0.46178536821705424
1 0.7985587284482758 0.36272321428571425 0.7560713420542635 0.41787790697674415 0.6909671753875969 0.3709423449612403 0.7273043846899225 0.30886627906976744
0 0.7727258963178294 0.47692587209302323 0.6394894622093023 0.5117490310077519 0.6485737645348837 0.5829093992248062 0.7848382994186047 0.5435440891472868
0 0.09291727228682167 0.1771438953488372 0.17164789244186046 0.2543604651162791 0.1262263808139535 0.29523982558139533 0.05203791182170542 0.23619186046511628
0 0.6031522529069767 0.7721656976744186 0.5819555474806202 0.8357558139534883 0.48959847383720934 0.8024467054263565 0.524421632751938 0.7222020348837209 0.6016382025193798 0.7570251937984496
1 0.4926265746124031 0.23619186046511628 0.4835422722868217 0.31492248062015504 0.3972414001937984 0.31643653100775193 0.40329760174418605 0.2286216085271318
1 0.7288184350775193 0.7691375968992248 0.6470597141472868 0.7418846899224806 0.6198068071705426 0.8296996124031008 0.7288184350775193 0.8766351744186046 0.7651556443798448 0.7873062015503876
1 0.21706940406976738 0.7449127906976744 0.15347928779069764 0.7676235465116279 0.18224624515503873 0.8342417635658914 0.253406613372093 0.7933624031007752
1 0.13531068313953487 0.7676235465116279 0.17164789244186046 0.8402979651162791 0.09140322189922478 0.8675508720930233 0.055066012596899194 0.8160731589147286 0.07172056686046513 0.7782218992248062
1 0.34879178779069764 0.15443313953488372 0.3109405281007752 0.23013565891472867 0.2155553536821705 0.23164970930232556 0.16559169089147285 0.2028827519379845 0.16861979166666663 0.11052567829457365 0.17921814437984496 0.07570251937984496
1 0.44266291182170536 0.3330910852713178 0.4684017684108527 0.4072795542635659 0.4063257025193798 0.42999031007751937 0.37301659399224807 0.3542877906976744
1 0.9544119428294573 0.036337209302325583 0.915046632751938 0.10295542635658915 0.8101042949507388 0.041371613300492605 0.8149149476600984 0.010583435960591131 0.822265625 0.0 0.8605408187984496 0.0
1 0.7985587284482758 0.7273706896551724 0.8745670412561575 0.7273706896551724 0.8745670412561575 0.8091517857142856 0.7985587284482758 0.8091517857142856
1 0.45026747229064035 0.3059575123152709 0.5156923491379309 0.3059575123152709 0.5156923491379309 0.3973599137931034 0.45026747229064035 0.3973599137931034
