1 0.9862070009689923 0.1892562984496124 0.998046875 0.275390625 0.9392714389534884 0.2755571705426357 0.9332152374031006 0.1953125
1 0.8711391715116279 0.1665455426356589 0.8514565164728682 0.25738856589147285 0.7742399467054264 0.23467781007751937 0.792408551356589 0.13929263565891473
1 0.10805777616279066 0.5208333333333334 0.16104953972868213 0.5935077519379844 0.08534702034883718 0.6419573643410853 0.03084120639534882 0.5601986434108527
1 0.3412215358527132 0.6525557170542635 0.3366793846899224 0.750968992248062 0.26097686531007747 0.7857921511627907 0.2155553536821705 0.676780523255814
1 0.9801507994186047 0.8387839147286822 0.8893077761627908 0.78125 0.8120912063953487 0.9250847868217054 0.9044482800387597 0.9780765503875969
1 0.7575853924418605 0.8796632751937984 0.8120912063953487 0.900859980620155 0.7696977955426356 0.9841327519379844 0.7015655281007752 0.9599079457364341
0 0.9468416908914727 0.6449854651162791 0.883251574612403 0.7433987403100775 0.8136052567829457 0.7025193798449613 0.8726532218992247 0.601078003875969
0 0.7242762839147288 0.7328003875968992 0.6606861676356589 0.8387839147286822 0.7333605862403101 0.8690649224806202 0.793922601744186 0.7630813953488372
1 0.6425175629844961 0.7161458333333333 0.6107225048449613 0.690406976744186 0.598610101744186 0.7146317829457364 0.5577307412790697 0.6888929263565892 0.5274497335271318 0.7524830426356589 0.6485737645348837 0.8100169573643411 0.6727985707364341 0.7691375968992248 0.6243489583333333 0.7464268410852712
1 0.195755080049261 0.9669411945812807 0.2303917795566502 0.9274938423645319 0.30447583128078815 0.9967672413793103 0.267578125 0.998046875 0.22365686576354676 0.9958051108374383
1 0.017760929802955627 0.816848830049261 0.06490532635467977 0.8004926108374383 0.10916333128078815 0.8918950123152708 0.055284020935960576 0.9101754926108373
0 0.6142818657635467 0.963092672413793 0.6768203509852215 0.9977293719211822 0.6017741687192117 0.9938808497536945
0 0.8687942580049259 0.5589978448275862 0.8995824353448274 0.5589978448275862 0.8995824353448274 0.5907481527093595 0.8687942580049259 0.5907481527093595
0 0.18087092056650245 0.7475754310344827 0.2328259698275862 0.7475754310344827 0.2328259698275862 0.8081896551724137 0.18087092056650245 0.8081896551724137
