1 0.6228349079457364 0.23316375968992248 0.7212481831395348 0.345203488372093 0.6273770591085271 0.4148498062015504 0.5365340358527132 0.29372577519379844
0 0.3397074854651163 0.42393410852713176 0.41389595445736427 0.48298207364341084 0.3669603924418604 0.5374878875968992 0.3003421753875969 0.48298207364341084
1 0.31851078003875966 0.6676962209302325 0.3230529312015503 0.8039607558139534 0.25037851259689925 0.7979045542635659 0.23523800872093026 0.676780523255814
0 0.2443223110465116 0.9190285852713178 0.283687621124031 0.9674781976744186 0.2109375 0.998046875 0.17467599321705424 0.961421996124031
0 0.6349473110465116 0.001514050387596899 0.6682564195736433 0.07267441860465117 0.5940679505813953 0.10446947674418604 0.5562166908914729 0.009084302325581396
0 0.4926265746124031 0.09841327519379844 0.5274497335271318 0.16048934108527133 0.45931746608527124 0.1877422480620155 0.41995215600775193 0.12566618217054262 0.4381207606589147 0.11658187984496124 0.44417696220930225 0.12869428294573643
0 0.7621275436046511 0.5662548449612403 0.704593628875969 0.6828367248062015 0.7333605862403101 0.6964631782945736 0.7515291908914727 0.6525557170542635 0.7848382994186047 0.6692102713178294 0.8211755087209303 0.5889656007751938
0 0.8211755087209303 0.7388565891472868 0.854484617248062 0.7873062015503876 0.7636415939922481 0.826671511627907 0.7394167877906976 0.78125
1 0.644031613372093 0.4572432170542636 0.704593628875969 0.5072068798449613 0.6319192102713178 0.5844234496124031 0.5743852955426356 0.5420300387596899
1 0.9044482800387597 0.26647286821705424 0.9392714389534884 0.31340843023255816 0.8741672722868217 0.3769985465116279 0.824203609496124 0.32249273255813954
1 0.8665970203488371 0.1907703488372093 0.8014928536821706 0.26344476744186046 0.7348746366279069 0.21650920542635657 0.8120912063953487 0.12566618217054262
1 0.9952913032945736 0.3981952519379845 0.9347292877906976 0.46027131782945735 0.9680383963178294 0.5178052325581395 0.998046875 0.482421875
1 0.9816648498062015 0.05450581395348837 0.9332152374031006 0.14383478682170542 0.9604681443798448 0.17562984496124032 0.998046875 0.142578125 0.998046875 0.060546875
0 0.23667449199507384 0.8832358374384235 0.28189462746305416 0.8832358374384235 0.28189462746305416 0.9111376231527093 0.23667449199507384 0.9111376231527093
0 0.2078105757389162 0.7321813423645319 0.22801531711822653 0.7321813423645319 0.22801531711822653 0.7716286945812807 0.2078105757389162 0.7716286945812807
0 0.22897744766009848 0.8360914408866994 0.25110645012315264 0.8360914408866994 0.25110645012315264 0.8803494458128078 0.22897744766009848 0.8803494458128078
0 0.5589882235221674 0.5503386699507389 0.5926627924876846 0.5503386699507389 0.5926627924876846 0.5859374999999999 0.5589882235221674 0.5859374999999999
1 0.7110048491379309 0.4012084359605911 0.759111376231527 0.4012084359605911 0.759111376231527 0.45027709359605905 0.7110048491379309 0.45027709359605905
