1 0.027557524875621853 -0.000952269900497512 0.083916355721393 0.07678404850746265 0.1771999378109452 -0.0019239738805970144
0 0.024642412935323377 0.3158037935323383 0.10140702736318405 0.398398631840796 0.14902052238805968 0.3566153606965174 0.07128420398009949 0.2740205223880597
0 0.080029539800995 0.26916200248756217 0.14707711442786064 0.22057680348258704 0.2374455845771144 0.30803016169154224 0.1684546019900497 0.3643889925373134
0 0.14610541044776115 0.21571828358208953 0.19760572139303478 0.17879353233830844 0.31129508706467657 0.2915111940298507 0.27145522388059695 0.33037935323383083
0 0.2092661691542288 0.17685012437810943 0.26270988805970147 0.13701026119402984 0.3511349502487562 0.23418065920398007 0.3035214552238805 0.27693563432835816
1 0.44150342039800994 0.004858519900497512 0.5396455223880596 0.2448694029850746 0.6523631840796019 0.19822761194029848 0.5619947139303482 0.0019434079601990048
0 0.4444185323383084 0.46836131840796014 0.5649098258706466 0.599541355721393 0.6436178482587064 0.5247201492537313 0.523126554726368 0.4090873756218905
1 0.1538790422885572 0.4809934701492537 0.23258706467661688 0.4052005597014925 0.24716262437810943 0.42366293532338306 0.30254975124378103 0.3760494402985074 0.34336131840796014 0.4149175995024875 0.29963463930348255 0.46544620646766166 0.35307835820895517 0.5256918532338308 0.27728544776119396 0.611201803482587
0 0.3200404228855721 0.3731343283582089 0.35502176616915415 0.4071439676616915 0.3919465174129353 0.37702114427860695 0.35988028606965167 0.33718128109452733
0 0.2374455845771144 0.7336365049751243 0.35988028606965167 0.8657882462686566 0.48134328358208944 0.7520988805970148 0.44150342039800994 0.7112873134328357 0.41332400497512434 0.7336365049751243 0.3394745024875621 0.6510416666666666
1 0.12278451492537307 0.9289101368159203 0.20149253731343275 0.999844527363184 0.30935167910447753 1.002759639303482 0.2627098880597014 0.9502876243781093 0.27922885572139294 0.9376554726368158 0.24133240049751237 0.9055892412935322 0.25979477611940294 0.8919853855721391 0.2150963930348258 0.849230410447761
0 0.45607898009950243 0.8210898631840795 0.48425839552238803 0.8444107587064675 0.4473336442786069 0.8764769900497511 0.5202114427860696 0.9512981965174129 0.5960043532338307 0.8706467661691542 0.5299284825870646 0.7958255597014925 0.5153529228855721 0.8172030472636815 0.49591884328358204 0.7958255597014925
1 0.9905161691542288 0.07676461442786069 0.8632229477611939 0.18948227611940296 0.9341573383084576 0.26527518656716415 0.9963463930348258 0.2021144278606965
0 0.5853156094527363 0.43240827114427854 0.6358442164179104 0.47905006218905466 0.7262126865671642 0.39159670398009944 0.6883162313432836 0.3400963930348258 0.6611085199004975 0.36244558457711434 0.6241837686567164 0.31191697761194026 0.5629664179104478 0.3643889925373134 0.6076648009950248 0.40811567164179097
1 0.7145522388059701 0.2798507462686567 0.8097792288557213 0.3750777363184079 0.900147699004975 0.27693563432835816 0.8214396766169153 0.18656716417910446
1 0.267568407960199 0.08259483830845771 0.34919154228855714 0.18559546019900494 0.4716262437810944 0.0835665422885572 0.4347014925373134 0.0019434079601990048 0.3919465174129353 0.005830223880597014
1 0.002293221393034811 0.8230332711442785 0.055736940298507454 0.8939676616915422 0.07517101990049749 0.8755052860696516 0.09071828358208953 0.8910525497512437 0.13541666666666663 0.8560712064676615 0.1480488184079602 0.8667599502487561 0.18886038557213924 0.824004975124378 0.14610541044776115 0.7812499999999999 0.1188976990049751 0.8045708955223879 0.06642568407960198 0.7511271766169153 0.040189676616915415 0.7783348880597014 0.012010261194029842 0.7462686567164178 0.0 0.759765625 0.016868781094527358 0.785136815920398
1 0.541015625 0.998046875 0.6358442164179104 0.9152771299751242 0.736328125 0.998046875
1 0.8564210199004973 0.5752487562189054 0.7893734452736317 0.6442397388059701 0.7689676616915422 0.6257773631840795 0.6805425995024875 0.7064287935323382 0.700948383084577 0.7268345771144278 0.7096937189054725 0.7598725124378108 0.7757695895522387 0.7705612562189054 0.7709110696517412 0.7899953358208954 0.8360152363184078 0.808457711442786 0.8505907960199004 0.7423818407960198 0.8777985074626864 0.7452969527363184 0.8554493159203979 0.6452114427860696 0.8933457711442785 0.6102300995024875
1 0.87099657960199 0.5237484452736317 0.9798274253731343 0.4353233830845771 0.9973180970149254 0.44406871890547256 0.9963463930348258 0.4897388059701492 0.9710820895522387 0.5033426616915422 0.9924595771144278 0.5218050373134328 0.9730254975124377 0.5635883084577114 0.9973180970149254 0.5830223880597014 0.9963463930348258 0.6354944029850745 0.9739972014925371 0.6578435945273631 0.9234685945273631 0.60537157960199 0.9467894900497511 0.5762204601990049 0.9244402985074627 0.5509561567164178 0.9088930348258706 0.5655317164179103
1 0.6640236318407959 0.008745335820895522 0.7806281094527362 0.14284048507462685 0.8700248756218905 0.07093439054726368 0.8399020522388059 0.03400963930348258 0.8515624999999999 0.027207711442786067 0.8301850124378108 0.0019434079601990048
0 0.8165811567164178 0.8725901741293531 0.8816853233830844 0.806514303482587 0.9681669776119401 0.8861940298507461 0.9030628109452734 0.9464396766169153
0 0.3210121268656716 0.9979399875621889 0.3695973258706467 0.9512981965174129 0.416015625 0.998046875
