1 0.1110197368421052 0.014391447368421052 0.1490542763157895 0.08120888157894736 0.2600740131578947 0.028782894736842105 0.24259868421052622 0.0010279605263157894 0.10074013157894735 0.003083881578947368
1 0.1829769736842105 0.12438322368421052 0.21073190789473684 0.11513157894736842 0.19428453947368418 0.09046052631578946 0.234375 0.06990131578947367 0.2210115131578947 0.042146381578947366 0.24979440789473684 0.04317434210526316 0.2857730263157894 0.10279605263157894 0.19942434210526316 0.1552220394736842
1 0.21175986842105254 0.17166940789473684 0.25699013157894735 0.2436266447368421 0.3402549342105262 0.20045230263157893 0.2857730263157894 0.11101973684210525 0.20559210526315785 0.15111019736842105
1 0.25904605263157887 0.2415707236842105 0.3011924342105262 0.3217516447368421 0.3844572368421052 0.28371710526315785 0.34231085526315785 0.20148026315789472
1 0.3196957236842105 0.326891447368421 0.3402549342105262 0.3587582236842105 0.31558388157894735 0.3762335526315789 0.3433388157894737 0.42043585526315785 0.43482730263157887 0.37109375 0.38856907894736836 0.2785773026315789 0.31044407894736836 0.3196957236842105
1 0.3587582236842105 0.4173519736842105 0.3926809210526315 0.4954769736842105 0.4821134868421052 0.44921874999999994 0.43482730263157887 0.37109375
1 0.4039884868421052 0.4995888157894737 0.444078947368421 0.5725740131578947 0.5304276315789473 0.5201480263157895 0.483141447368421 0.44921874999999994 0.3978207236842105 0.4903371710526315
0 0.46463815789473684 0.5746299342105263 0.5108963815789473 0.6609786184210525 0.570518092105263 0.6188322368421052 0.5273437499999999 0.5396792763157895
0 0.4903371710526315 0.678453947368421 0.5335115131578947 0.7524671052631579 0.6239720394736841 0.7000411184210525 0.5725740131578947 0.6157483552631579 0.47902960526315785 0.6794819078947368
1 0.5622944078947367 0.8038651315789473 0.5869654605263157 0.7894736842105262 0.5828536184210525 0.7719983552631579 0.6126644736842104 0.751439144736842 0.5972450657894736 0.7257401315789473 0.6270559210526314 0.7103207236842105 0.6640625 0.7668585526315789 0.6075246710526315 0.8059210526315789 0.575657894736842 0.8264802631578947
0 0.609580592105263 0.9107730263157894 0.673314144736842 0.810032894736842 0.7339638157894737 0.8501233552631579 0.6907894736842104 0.922080592105263 0.678453947368421 0.9169407894736842 0.6578947368421051 0.9477796052631579
1 0.6959292763157894 0.9261924342105262 0.7874177631578947 0.9817023026315789 0.83984375 0.8994654605263157 0.7545230263157894 0.8511513157894737
1 0.834703947368421 0.9560032894736842 0.8470394736842104 0.9231085526315789 0.8799342105263157 0.9333881578947367 0.8871299342105263 0.9159128289473684 0.9333881578947367 0.9241365131578947 0.9097450657894737 0.9971217105263157 0.8501233552631577 0.9960937499999999 0.8562911184210527 0.9734786184210525
1 0.6270559210526314 0.4677220394736842 0.658922697368421 0.522203947368421 0.7750822368421051 0.46874999999999994 0.731907894736842 0.390625 0.619860197368421 0.4553865131578947
1 0.5643503289473684 0.35259046052631576 0.6229440789473684 0.44921874999999994 0.7504111842105263 0.38445723684210525 0.6938733552631577 0.2950246710526316
0 0.5335115131578947 0.2898848684210526 0.5653782894736842 0.34745065789473684 0.6332236842105263 0.3094161184210526 0.5982730263157894 0.2518503289473684
0 0.46669407894736836 0.19839638157894735 0.5242598684210525 0.287828947368421 0.6712582236842104 0.1942845394736842 0.6229440789473684 0.12129934210526315
0 0.43277138157894735 0.11513157894736842 0.4697779605263157 0.17989309210526314 0.5921052631578947 0.12849506578947367 0.5602384868421052 0.08120888157894736 0.5273437499999999 0.09662828947368421 0.5088404605263157 0.06681743421052631 0.4286595394736842 0.10382401315789473
1 0.3844572368421052 0.028782894736842105 0.424547697368421 0.10999177631578946 0.49856085526315785 0.0678453947368421 0.45230263157894735 0.0
1 0.02672697368421051 0.12952302631578946 0.11307565789473684 0.08429276315789473 0.08943256578947367 0.04317434210526316 0.10587993421052627 0.03700657894736842 0.08634868421052627 0.006167763157894736 0.00616776315789469 0.04420230263157895 0.005139802631578927 0.07709703947368421
1 0.039062499999999944 0.14699835526315788 0.08634868421052627 0.20970394736842105 0.15316611842105254 0.16652960526315788 0.10793585526315785 0.0884046052631579 0.02878289473684209 0.12849506578947367
0 0.08223684210526311 0.21073190789473684 0.12746710526315785 0.29399671052631576 0.21895559210526316 0.24465460526315788 0.16447368421052633 0.1552220394736842 0.07092927631578944 0.20559210526315788
1 0.13157894736842102 0.2919407894736842 0.17578125 0.37212171052631576 0.26932565789473684 0.32586348684210525 0.22615131578947367 0.23951480263157893
1 0.18400493421052633 0.385485197368421 0.2282072368421052 0.45949835526315785 0.3053042763157894 0.41837993421052627 0.2600740131578947 0.3361430921052631
1 0.23026315789473684 0.4656661184210526 0.28268914473684204 0.5622944078947368 0.36903782894736836 0.5119243421052632 0.3248355263157894 0.4214638157894737
0 0.2796052631578947 0.5746299342105263 0.32175164473684204 0.64453125 0.41324013157894735 0.5931332236842105 0.38651315789473684 0.5509868421052632 0.3577302631578947 0.56640625 0.346422697368421 0.5324835526315789
0 0.32791940789473684 0.6424753289473684 0.37520559210526305 0.717516447368421 0.47388980263157887 0.6640625 0.4286595394736842 0.5838815789473684
1 0.37417763157894735 0.7298519736842105 0.4286595394736842 0.8110608552631579 0.5211759868421052 0.7555509868421052 0.4759457236842105 0.6722861842105262
0 0.4214638157894737 0.8162006578947368 0.47286184210526305 0.8994654605263157 0.5725740131578947 0.8449835526315789 0.517064144736842 0.76171875
1 0.4677220394736842 0.9015213815789473 0.5201480263157894 0.9847861842105262 0.5941611842105262 0.9508634868421052 0.5386513157894737 0.8614309210526315
1 0.502672697368421 0.9960937499999999 0.5910773026315789 0.9446957236842105 0.6171875 0.998046875
0 0.014391447368421018 0.5139802631578947 0.10176809210526311 0.4656661184210526 0.061677631578947345 0.4019325657894737 0.0 0.427734375 0.0 0.427734375
1 0.020559210526315763 0.5592105263157894 0.07401315789473684 0.64453125 0.1696134868421052 0.5941611842105263 0.11307565789473684 0.4995888157894737
0 0.08532072368421051 0.6435032894736842 0.1624177631578947 0.5962171052631579 0.21895559210526316 0.6692023026315789 0.13671875 0.7247121710526315
1 0.11307565789473684 0.7524671052631579 0.21689967105263153 0.6959292763157894 0.25904605263157887 0.7791940789473684 0.16036184210526316 0.8264802631578947
1 0.16652960526315785 0.8357319078947368 0.2652138157894737 0.7802220394736842 0.30838815789473684 0.8675986842105262 0.23848684210526316 0.9087171052631579 0.21175986842105254 0.8562911184210525 0.18400493421052633 0.8706825657894737
0 0.23848684210526316 0.927220394736842 0.28268914473684204 0.9971217105263157 0.36800986842105254 0.9560032894736842 0.31044407894736836 0.8655427631578947 0.22512335526315785 0.9148848684210525
1 0.3587582236842105 0.9621710526315789 0.385485197368421 0.9971217105263157 0.28988486842105254 0.9950657894736842
1 0.07195723684210525 0.9066611842105262 0.10999177631578949 0.971422697368421 0.19839638157894735 0.9303042763157894 0.14699835526315785 0.8562911184210525
0 0.054481907894736836 0.8922697368421052 0.1500822368421052 0.8480674342105262 0.10074013157894735 0.770970394736842 0.024671052631578927 0.8079769736842105
0 0.023643092105263108 0.8069490131578947 0.11410361842105254 0.7576069078947368 0.07195723684210525 0.6907894736842105 0.0 0.7391036184210525 0.0020559210526315264 0.7668585526315789
0 0.6743421052631577 0.536595394736842 0.717516447368421 0.6136924342105263 0.8285361842105263 0.5571546052631579 0.7719983552631577 0.46977796052631576 0.6650904605263157 0.522203947368421
1 0.5458470394736842 0.047286184210526314 0.5592105263157894 0.06578947368421052 0.5787417763157894 0.05756578947368421 0.5972450657894736 0.08532072368421052 0.6311677631578947 0.0688733552631579 0.5993009868421052 0.011307565789473683 0.5407072368421052 0.03700657894736842
1 0.7637746710526314 0.3998766447368421 0.7894736842105263 0.45024671052631576 0.8614309210526314 0.4081003289473684 0.8223684210526314 0.3505345394736842
1 0.8162006578947367 0.44921874999999994 0.8357319078947367 0.48930921052631576 0.9118009868421051 0.4553865131578947 0.8758223684210524 0.40604440789473684
1 0.712376644736842 0.6229440789473684 0.7730263157894737 0.6866776315789473 0.8665707236842104 0.5982730263157894 0.8059210526315788 0.556126644736842
1 0.7874177631578947 0.6959292763157894 0.859375 0.756578947368421 0.9436677631578947 0.6506990131578947 0.8706825657894737 0.5993009868421052
1 0.8614309210526314 0.7689144736842105 0.951891447368421 0.8090049342105262 0.990953947368421 0.7134046052631579 0.9498355263157894 0.7000411184210525 0.9457236842105263 0.7154605263157894 0.9056332236842104 0.7010690789473684
1 0.9580592105263157 0.8079769736842105 0.998046875 0.818359375 0.998046875 0.712890625
