0 0.34689832089552236 0.21277402052238803 0.43143656716417905 0.33715212997512434 0.5218050373134328 0.2730196672885572 0.4343516791044776 0.1554434856965174
1 0.46253109452736313 0.13892451803482586 0.578163868159204 0.28856693097014924 0.6695040422885571 0.22637787624378106 0.5528995646766168 0.07382035136815919
0 0.7550139925373134 0.2798215951492537 0.857042910447761 0.4071148165422885 0.9182602611940297 0.3633881374378109 0.9017412935323382 0.3449257618159204 0.9435245646766168 0.3138312344527363 0.9027129975124377 0.27204796330845765 0.8745335820895521 0.30217078669154224 0.8191464552238805 0.2370666200248756
0 0.9289490049751242 0.25261388370646765 0.9969682835820894 0.34103894589552236 0.9979399875621889 0.20402868470149252
1 0.14867070895522386 0.37116176927860695 0.23320895522388058 0.4877662468905472 0.30025652985074625 0.4401527518656716 0.21960509950248755 0.31868975435323377
1 0.22543532338308456 0.3148029384328358 0.26527518656716415 0.37796369713930345 0.33620957711442784 0.3274350901741293 0.29442630597014924 0.2623309235074627
0 0.0806514303482587 0.415860152363184 0.17101990049751242 0.5363514458955223 0.23223725124378106 0.4867945429104477 0.14867070895522386 0.37213347325870644
1 0.006801927860696517 0.47221898320895517 0.07676461442786069 0.42557719216417905 0.13798196517412933 0.5081720304726367 0.0835665422885572 0.5489835976368158
1 0.10397232587064675 0.5791064210199004 0.005830223880597014 0.4537566075870646 0.002915111940298507 0.5868800528606964 0.03400963930348258 0.6335218439054726
1 0.27207711442786064 0.5324646299751243 0.2924828980099502 0.49165306281094523 0.3381529850746268 0.5140022543532338 0.3167754975124378 0.5557855254975124
1 0.6821361940298507 0.46347364738805963 0.7316930970149252 0.42752060012437804 0.7171175373134328 0.41391674440298504 0.7404384328358208 0.4032280006218905 0.7482120646766168 0.41780356032338306 0.7841651119402984 0.38573732898009944 0.825948383084577 0.4333508240049751 0.7530705845771143 0.4809643190298507 0.7812499999999999 0.5285778140547263 0.7404384328358208 0.5518987095771144 0.7103156094527362 0.5101154384328358 0.7210043532338307 0.5013701026119403
1 0.3673041044776119 0.5606440453980099 0.5762204601990049 0.4032280006218905 0.6257773631840795 0.46250194340796014 0.40228544776119396 0.6218613961442785
1 0.5839940920398009 0.5324646299751243 0.6549284825870646 0.61894628420398 0.7161458333333333 0.5771630130597014 0.6316075870646766 0.4858228389303482 0.5752487562189054 0.5382948538557213
1 0.4479555348258706 0.6257482120646766 0.5470693407960199 0.5577289334577114 0.5869092039800994 0.620889692164179 0.4907105099502487 0.6811353389303482
1 0.3760494402985074 0.6403237717661691 0.46155939054726364 0.7666452891791044 0.5101445895522387 0.7336073538557213 0.4761349502487562 0.6889089707711442 0.4887671019900497 0.6772485230099502 0.4586442786069651 0.642267179726368 0.4469838308457711 0.6568427394278606 0.41977611940298504 0.6199179881840795
1 0.5927394278606964 0.8628439832089552 0.620918843283582 0.8288343439054725 0.6354944029850745 0.8424381996268656 0.648126554726368 0.8307777518656716 0.6588152985074626 0.8385513837064675 0.6656172263681591 0.8317494558457711 0.6801927860696516 0.8385513837064675 0.7054570895522387 0.8531269434079601 0.7035136815920398 0.8657590951492536 0.7142024253731343 0.8842214707711442 0.7316930970149252 0.9036555503731343 0.6899098258706466 0.9512690453980098
1 0.7287779850746268 0.7530414334577114 0.8278917910447761 0.6801636349502487 0.8920242537313432 0.7676169931592038 0.7997123756218905 0.8404947916666665
0 0.8288634950248756 0.6830787468905472 0.8968827736318407 0.7647018812189054 0.9483830845771143 0.7316639458955223 0.994053171641791 0.7695604011194029 0.9979399875621889 0.7073713463930348 0.9270055970149252 0.6121443563432835 0.9095149253731343 0.6228331001243781 0.8929959577114427 0.609229244402985 0.8463541666666665 0.6364369558457711 0.8677316542288557 0.6578144434079601
1 0.8444107587064675 0.9668163090796019 0.998046875 0.845703125 0.998046875 0.998046875 0.87109375 0.998046875
1 0.482421875 0.9970751710199005 0.40625 0.9970751710199005 0.3993703358208955 0.9833352767412934 0.4479555348258706 0.9668163090796019 0.4936256218905472 0.9619577891791044 0.4994558457711442 0.9959674284825869
