0 0.6986177884615384 0.380859375 0.7594651442307692 0.3718449519230769 0.7527043269230769 0.3260216346153846 0.790264423076923 0.3215144230769231 0.8037860576923077 0.2779447115384615 0.7977764423076923 0.2478966346153846 0.741436298076923 0.2569110576923077 0.7346754807692307 0.24714543269230768 0.68359375 0.2584134615384615 0.6873497596153846 0.29296875 0.6753305288461539 0.29822716346153844 0.6805889423076923 0.34329927884615385 0.6918569711538461 0.341796875
0 0.13746995192307693 0.4920372596153846 0.20357572115384615 0.5040564903846154 0.20883413461538458 0.478515625 0.22611177884615385 0.478515625 0.23963341346153844 0.38686899038461536 0.12094350961538458 0.3733473557692308 0.11192908653846151 0.4266826923076923 0.14948918269230765 0.4304387019230769
0 0.10066105769230771 0.693359375 0.12094350961538458 0.5799278846153846 0.19606370192307693 0.5881911057692307 0.1953125 0.6189903846153846 0.21634615384615385 0.6219951923076923 0.20432692307692307 0.6783353365384616 0.17503004807692307 0.6760817307692307 0.16826923076923078 0.6993689903846153
1 0.2997295673076923 0.7722355769230769 0.3132512019230769 0.6708233173076923 0.4364483173076923 0.6888521634615384 0.42743389423076916 0.7594651442307692 0.370342548076923 0.7542067307692307 0.3643329326923077 0.7827524038461539
0 0.56640625 0.830078125 0.6588040865384616 0.8428485576923077 0.6768329326923077 0.7083834134615384 0.6400240384615384 0.7046274038461539 0.6400240384615384 0.6918569711538461 0.5739182692307692 0.6850961538461539 0.5634014423076923 0.7361778846153846 0.5859375 0.7391826923076923
1 0.8751502403846154 0.9021935096153846 0.9299879807692308 0.9104567307692307 0.9405048076923077 0.8804086538461539 0.9540264423076923 0.7880108173076923 0.8451021634615383 0.7744891826923077 0.8390925480769231 0.7992788461538461 0.8173076923076923 0.7977764423076923 0.8060396634615384 0.869140625 0.877403846153846 0.8864182692307692
1 0.34930889423076916 0.9908353365384615 0.35306490384615385 0.975811298076923 0.3635817307692307 0.975811298076923 0.370342548076923 0.9352463942307692 0.48978365384615385 0.9480168269230769 0.486328125 0.998046875
1 0.9975961538461537 0.594951923076923 0.9224759615384615 0.5844350961538461 0.9292367788461537 0.5280949519230769 0.9517728365384615 0.5243389423076923 0.9637920673076923 0.4695012019230769 0.9975961538461537 0.4755108173076923
1 0.006009615384615391 0.9720552884615384 0.10141225961538458 0.9675480769230769 0.09765625 0.9067007211538461 0.005258413461538464 0.9112079326923077
1 0.8779056342364531 0.6167256773399014 0.8596251539408866 0.7139008620689654 0.9721944273399012 0.7360298645320196 0.998046875 0.625
