1 0.5513777709359605 0.8485991379310344 0.6216133004926108 0.8255080049261083 0.6475908251231526 0.8909328817733989 0.5744689039408866 0.9159482758620688
1 0.43784636699507384 0.8139624384236452 0.49076354679802947 0.7831742610837438 0.5263623768472906 0.8360914408866994 0.47248306650246297 0.8697660098522166
1 0.7803648399014778 0.7119766009852216 0.7957589285714284 0.7793257389162561 0.8534867610837438 0.7658559113300492 0.8409790640394088 0.6975446428571428
0 0.9785637315270934 0.6504002463054186 0.9862607758620687 0.7292949507389161 0.9978063423645318 0.7283328201970443 0.9968442118226599 0.6484759852216748
1 0.6341209975369457 0.5214747536945812 0.6321967364532018 0.5830511083743841 0.7110914408866993 0.5868996305418719 0.7120535714285714 0.5233990147783251
0 0.8207743226600983 0.029826046798029554 0.8226985837438423 0.05868996305418719 0.8419411945812807 0.05965209359605911 0.8409790640394088 0.10294796798029555 0.9400785098522166 0.11545566502463053 0.9468134236453201 0.03271243842364532
0 0.4032096674876846 0.43199661330049255 0.41764162561576346 0.4117918719211822 0.40994458128078803 0.4079433497536945 0.4157173645320196 0.3973599137931034 0.4070581896551724 0.3925492610837438 0.4224522783251231 0.3704202586206896 0.4984605911330048 0.4233374384236453 0.4580511083743841 0.4791410098522167
1 0.6004464285714285 0.36753386699507384 0.6139162561576353 0.4242995689655172 0.6889624384236452 0.4031326970443349 0.6754926108374383 0.3425184729064039
1 0.1809575123152709 0.06927339901477832 0.23291256157635465 0.14335745073891623 0.3118072660098521 0.09044027093596058 0.2560036945812807 0.020204741379310342
0 0.617764778325123 0.06253848522167486 0.642780172413793 0.0009621305418719211 0.703394396551724 0.013469827586206896 0.6716440886699506 0.11064501231527092 0.6370073891625615 0.10102370689655171 0.6466286945812807 0.07697044334975368
0 0.7438038793103448 0.24053263546798026 0.7361068349753694 0.34636699507389157 0.8275092364532017 0.3473291256157635 0.8275092364532017 0.24341902709359603
1 0.7245612684729064 0.5012700123152709 0.8092287561576352 0.5503386699507389 0.8409790640394088 0.49838362068965514 0.7553494458128078 0.4493149630541871
0 0.5359836822660098 0.0038485221674876844 0.545604987684729 0.03271243842364532 0.6225754310344827 0.020204741379310342 0.618726908866995 0.0019242610837438422
0 0.5234759852216748 0.056765701970443345 0.544642857142857 0.030788177339901475 0.6091056034482758 0.06638700738916255 0.5965979064039407 0.10102370689655171
0 0.42918719211822653 0.0962130541871921 0.3955126231527093 0.1635621921182266 0.45420258620689646 0.2010852832512315 0.4994227216748768 0.1289254926108374
0 0.39166410098522164 0.1683728448275862 0.36376231527093583 0.22032789408866993 0.3839670566502462 0.22994919950738912 0.37338362068965514 0.255926724137931 0.41667949507389157 0.27709359605911327 0.4503540640394088 0.20300954433497534
1 0.4147552339901477 0.27516933497536944 0.5292487684729063 0.33097290640394084 0.5513777709359605 0.27132081280788173 0.44361915024630527 0.2280249384236453
