0 0.02530403325123151 0.13950892857142855 0.01279633620689652 0.1693349753694581 0.028190424876847253 0.17318349753694579 0.005099291871921152 0.22994919950738912 0.08303186576354676 0.2607373768472906 0.1215170874384236 0.17510775862068964
0 0.22157866379310343 0.0914024014778325 0.1859798337438423 0.16741071428571427 0.27449584359605905 0.2097444581280788 0.30913254310344823 0.12700123152709358 0.287003540640394 0.11930418719211822 0.2937384544334975 0.09525092364532019 0.26295027709359603 0.0817810960591133 0.2523668411330049 0.10198583743842363
1 0.39476216133004915 0.07600831280788177 0.33992072044334964 0.1914639778325123 0.41496690270935954 0.21744150246305416 0.4669219519704433 0.11353140394088669
0 0.0031750307881773243 0.025977524630541867 0.03203894704433494 0.0817810960591133 0.10612299876847286 0.040409482758620684 0.08495612684729059 0.0019242610837438422 0.04647090517241376 0.0019242610837438422
1 0.702643934729064 0.056765701970443345 0.7113031096059113 0.15394088669950737 0.8007812499999999 0.14913023399014777 0.7892356834975368 0.051955049261083734
0 0.8585090825123152 0.08947814039408866 0.8527362992610836 0.13084975369458127 0.8710167795566501 0.13566040640394086 0.8633197352216748 0.17991841133004924 0.9171990455665022 0.1876154556650246 0.9306688731527093 0.10391009852216747
0 0.6631965825123152 0.6840748152709358 0.653575277093596 0.7581588669950738 0.7411291564039407 0.7610452586206896 0.7517125923645319 0.6840748152709358
1 0.7911599445812807 0.766818041871921 0.8296451662561575 0.8572583128078817 0.8633197352216748 0.8437884852216748 0.8546605603448274 0.8245458743842363 0.8854487376847289 0.8120381773399014 0.8623576046798029 0.7350677339901477
1 0.5294604371921181 0.6908097290640394 0.531384698275862 0.7350677339901477 0.5564000923645319 0.7331434729064038 0.5592864839901477 0.7725908251231526 0.6420297105911329 0.7543103448275861 0.6391433189655171 0.6677185960591132 0.6073930110837438 0.6686807266009851 0.6102794027093595 0.6850369458128078
0 0.5968095751231526 0.9958051108374383 0.6208628386699506 0.9419258004926108 0.640105449507389 0.9457743226600984 0.6439539716748768 0.9284559729064038 0.6930226293103448 0.9476985837438422 0.6853255849753693 0.9573198891625615 0.689174107142857 0.963092672413793 0.681640625 0.998046875
0 0.8094404248768472 0.8928571428571428 0.8084782943349752 0.9476985837438422 0.8825623460591132 0.950584975369458 0.8816002155172413 0.8986299261083742
1 0.5823776169950738 0.8351293103448275 0.6208628386699506 0.8813115763546797 0.6718557573891625 0.8447506157635467 0.6295220135467979 0.7947198275862069
1 0.955078125 0.998046875 0.9556842672413792 0.9332666256157635 0.9951316194581279 0.9342287561576353 0.99609375 0.998046875
0 0.5371574815270935 0.8072275246305418 0.5179148706896551 0.8793873152709358 0.5640971366995073 0.8918950123152708 0.5871882697044334 0.8255080049261083
0 0.5092556958128078 0.9044027093596058 0.4919373460591132 0.95154710591133 0.5564000923645319 0.9707897167487683 0.5766048337438423 0.9159482758620688
1 0.021455511083743828 0.9525092364532018 0.060546875 0.9525092364532018 0.060546875 0.998046875 0.021455511083743828 0.998046875
