0 0.6970233769379844 0.690406976744186 0.479000121124031 0.9417393410852712 0.3926992490310077 0.8554384689922481 0.6031522529069767 0.6056201550387597
1 0.8408581637596899 0.2028827519379845 0.8302598110465116 0.6919210271317829 0.6924812257751938 0.6646681201550387 0.7424448885658914 0.1847141472868217
0 0.6955093265503876 0.10598352713178294 0.6864250242248062 0.30735222868217055 0.44569101259689925 0.2891836240310077 0.45931746608527124 0.08478682170542635
1 0.6924812257751938 0.003028100775193798 0.6909671753875969 0.08932897286821705 0.5859278786945812 0.0914024014778325 0.4517472141472868 0.07570251937984496 0.44569101259689925 0.09689922480620154 0.4123819040697674 0.09538517441860465 0.4214662063953488 0.004542151162790698
0 0.9604681443798448 0.5723110465116279 0.998046875 0.611328125 0.9559259932170543 0.6798086240310077 0.8968780281007751 0.6298449612403101
1 0.8605408187984496 0.7630813953488372 0.8287457606589146 0.8387839147286822 0.6879390746124031 0.7676235465116279 0.7318465358527131 0.7010053294573643
0 0.7908945009689923 0.8387839147286822 0.7288184350775193 0.9447674418604651 0.6516018653100775 0.9190285852713178 0.719734132751938 0.7948764534883721
1 0.9952913032945736 0.9720203488372092 0.9180747335271318 0.9493095930232558 0.943813590116279 0.872093023255814 0.998046875 0.884765625
1 0.0009525092364531806 0.889970751231527 0.06060460283251229 0.889970751231527 0.06060460283251229 0.9929187192118225 0.0009525092364531806 0.9929187192118225
0 0.3886911176108374 0.9650169334975368 0.486328125 0.9650169334975368 0.486328125 0.998046875 0.3886911176108374 0.998046875
