1 0.087890625 0.4957932692307692 0.10667067307692307 0.5686598557692307 0.012770432692307682 0.5814302884615384 0.0030048076923076816 0.5100661057692307
1 0.4514723557692307 0.663311298076923 0.4725060096153846 0.7436899038461539 0.5408653846153846 0.721905048076923 0.5183293269230769 0.6467848557692307
1 0.5911959134615384 0.11042668269230768 0.60546875 0.17352764423076922 0.6362680288461539 0.1990685096153846 0.6896033653846153 0.19456129807692307 0.6805889423076923 0.14573317307692307 0.7061298076923077 0.13972355769230768 0.693359375 0.0751201923076923 0.6557992788461539 0.07887620192307691 0.653545673076923 0.09390024038461538
1 0.6813401442307692 0.048828125 0.7038762019230769 0.02478966346153846 0.6798377403846153 0.002253605769230769 0.6685697115384616 0.000751201923076923 0.6257512019230769 0.034555288461538464 0.6618088942307692 0.068359375
1 0.09540264423076922 0.4469651442307692 0.1509915865384615 0.565655048076923 0.26667668269230765 0.5310997596153846 0.19456129807692307 0.4041466346153846
1 0.22010216346153844 0.6325120192307692 0.2313701923076923 0.6865985576923077 0.3125 0.6655649038461539 0.2952223557692307 0.6137319711538461
1 0.23362379807692307 0.4371995192307692 0.26517427884615385 0.4792668269230769 0.33052884615384615 0.4334435096153846 0.3004807692307692 0.3913762019230769
1 0.3350360576923077 0.3342848557692308 0.39513221153846156 0.3297776442307692 0.380108173076923 0.2561598557692308 0.3290264423076923 0.2606670673076923
0 0.7241586538461539 0.3951322115384615 0.790264423076923 0.4334435096153846 0.8285757211538461 0.37710336538461536 0.7602163461538461 0.3357872596153846
0 0.302734375 0.7669771634615384 0.3192608173076923 0.8315805288461539 0.39813701923076916 0.8143028846153846 0.38236177884615385 0.751201923076923
