1 0.26517427884615385 0.12845552884615385 0.36283052884615385 0.09014423076923077 0.40790264423076916 0.20808293269230768 0.3132512019230769 0.244140625
0 0.2801983173076923 0.15925480769230768 0.32527043269230765 0.2584134615384615 0.23737980769230765 0.29447115384615385 0.2118389423076923 0.23512620192307693 0.23061899038461536 0.22611177884615383 0.21484375 0.18780048076923075
0 0.23813100961538458 0.3019831730769231 0.19305889423076922 0.18404447115384615 0.11493389423076922 0.2216045673076923 0.11418269230769229 0.24639423076923075 0.15474759615384615 0.3327824519230769
1 0.06986177884615383 0.36733774038461536 0.030048076923076927 0.2764423076923077 0.11793870192307693 0.24038461538461536 0.15850360576923078 0.3395432692307692
0 0.17803485576923078 0.0 0.05483774038461536 0.002253605769230769 0.033804086538461536 0.029296875 0.12019230769230771 0.12019230769230768 0.16751802884615385 0.06610576923076923 0.1953125 0.01953125
0 0.029296875 0.030799278846153844 0.0 0.052734375 0.0 0.099609375 0.05183293269230768 0.17127403846153846 0.11643629807692307 0.11944110576923077
0 0.0 0.10366586538461538 0.04807692307692307 0.16751802884615383 0.04281850961538461 0.19381009615384615 0.003756009615384609 0.21259014423076922
0 0.575420673076923 0.26893028846153844 0.6310096153846153 0.39663461538461536 0.7166466346153846 0.3583233173076923 0.6527944711538461 0.2313701923076923
0 0.7339242788461539 0.19005408653846154 0.6475360576923077 0.22986778846153846 0.7136418269230769 0.3583233173076923 0.7932692307692307 0.32076322115384615
0 0.7504507211538461 0.18479567307692307 0.7572115384615384 0.1953125 0.7384314903846153 0.20057091346153846 0.7925180288461539 0.32076322115384615 0.869140625 0.28170072115384615 0.8112980769230769 0.1532451923076923
0 0.810546875 0.15625 0.867638221153846 0.28170072115384615 0.9487680288461537 0.24639423076923075 0.8894230769230769 0.12469951923076923
0 0.8946814903846154 0.13596754807692307 0.9510216346153846 0.24338942307692307 0.998046875 0.220703125 0.998046875 0.15234375 0.9728064903846154 0.10366586538461538
0 0.9510216346153846 0.2644230769230769 0.8751502403846154 0.29897836538461536 0.9269831730769231 0.41316105769230765 0.998046875 0.38671875 0.998046875 0.3515625 0.986328125 0.32827524038461536
1 0.9224759615384615 0.4071514423076923 0.8420973557692308 0.44095552884615385 0.8060396634615384 0.3635817307692308 0.8601262019230769 0.34029447115384615 0.8533653846153846 0.31400240384615385 0.8819110576923077 0.3034855769230769
0 0.8263221153846153 0.43269230769230765 0.7632211538461539 0.46198918269230765 0.7234074519230769 0.38686899038461536 0.790264423076923 0.3583233173076923
1 0.6407752403846153 0.3996394230769231 0.6888521634615384 0.5003004807692307 0.7624699519230769 0.46424278846153844 0.7173978365384615 0.3680889423076923
0 0.47626201923076916 0.3170072115384615 0.5063100961538461 0.3853665865384615 0.389873798076923 0.4387019230769231 0.35606971153846156 0.3658353365384615
1 0.5498798076923077 0.47025240384615385 0.5791766826923077 0.5416165865384616 0.47025240384615385 0.5791766826923077 0.4454627403846154 0.5138221153846154
1 0.7436899038461539 0.614483173076923 0.7955228365384615 0.7256610576923077 0.8683894230769231 0.6978665865384616 0.8143028846153846 0.5821814903846154
0 0.8834134615384615 0.5423677884615384 0.9352463942307692 0.6497896634615384 0.998046875 0.62109375 0.998046875 0.56640625 0.9698016826923077 0.5033052884615384
1 0.8894230769230769 0.5521334134615384 0.8128004807692307 0.5844350961538461 0.859375 0.6813401442307692 0.9397536057692308 0.6475360576923077
0 0.791015625 0.7406850961538461 0.838341346153846 0.8548677884615384 0.9217247596153846 0.8240685096153846 0.8864182692307692 0.7361778846153846 0.8721454326923077 0.7384314903846153 0.8556189903846154 0.7136418269230769
0 0.9172175480769231 0.8135516826923077 0.998046875 0.775390625 0.9938401442307692 0.7301682692307692 0.9607872596153846 0.6610576923076923 0.8713942307692308 0.7001201923076923
1 0.46703666753505113 0.5934495192307692 0.5030943598427434 0.6790865384615384 0.6240378694581281 0.624248798076923 0.5887313790735127 0.546123798076923
0 0.6189903846153846 0.6265024038461539 0.6497896634615384 0.6941105769230769 0.5401141826923077 0.7361778846153846 0.5130709134615384 0.6693209134615384
0 0.6655649038461539 0.6993689903846153 0.6993689903846153 0.7774939903846153 0.5814302884615384 0.8225661057692307 0.5521334134615384 0.7436899038461539
0 0.6881009615384616 0.7880108173076923 0.712139423076923 0.8503605769230769 0.6287560096153846 0.8826622596153846 0.6039663461538461 0.8143028846153846
0 0.5987079326923077 0.8864182692307692 0.6122295673076923 0.9187199519230769 0.64453125 0.9006911057692307 0.6640625 0.947265625 0.6520432692307692 0.9525240384615384 0.6648137019230769 0.9780649038461539 0.7557091346153846 0.9405048076923077 0.7354266826923077 0.897686298076923 0.7647235576923077 0.8826622596153846 0.7436899038461539 0.8375901442307692
0 0.751953125 0.9457632211538461 0.77734375 0.998046875 0.681640625 0.998046875 0.673076923076923 0.9810697115384615
0 0.60546875 0.9968449519230769 0.5814302884615384 0.9397536057692307 0.4905348557692307 0.9795673076923077 0.49609375 0.998046875
0 0.3327824519230769 0.9510216346153846 0.35546875 0.998046875 0.271484375 0.998046875 0.2629206730769231 0.9765625
1 0.3327824519230769 0.9420072115384615 0.29597355769230765 0.8616286057692307 0.21634615384615385 0.8984375 0.25916466346153844 0.9765625
0 0.4417067307692307 0.8969350961538461 0.46649639423076916 0.9585336538461539 0.595703125 0.8946814903846153 0.5671574519230769 0.839092548076923
0 0.4139122596153846 0.8173076923076923 0.45072115384615385 0.8984375 0.555889423076923 0.8458533653846153 0.5235877403846153 0.7767427884615384
1 0.3876201923076923 0.7406850961538461 0.42142427884615385 0.809795673076923 0.526592548076923 0.7639723557692307 0.4912860576923077 0.6948617788461539
1 0.3448016826923077 0.654296875 0.3831129807692307 0.7331730769230769 0.49278846153846156 0.6881009615384616 0.4559795673076923 0.6069711538461539
0 0.3019831730769231 0.576171875 0.341796875 0.653545673076923 0.458233173076923 0.6039663461538461 0.42442908653846156 0.5288461538461539
0 0.2952223557692307 0.498046875 0.3004807692307692 0.5115685096153846 0.28921274038461536 0.5183293269230769 0.30123197115384615 0.5491286057692307 0.32376802884615385 0.5528846153846154 0.32752403846153844 0.5641526442307692 0.4229266826923077 0.5228365384615384 0.3943810096153846 0.4567307692307692
0 0.22686298076923078 0.41841947115384615 0.2629206730769231 0.5018028846153846 0.39137620192307687 0.44921875 0.350811298076923 0.36283052884615385
0 0.5040564903846153 0.3913762019230769 0.5438701923076923 0.4679987980769231 0.42442908653846156 0.5183293269230769 0.39212740384615385 0.439453125
0 0.166015625 0.5543870192307692 0.19906850961538458 0.6280048076923077 0.09540264423076922 0.6678185096153846 0.06610576923076922 0.5934495192307692
1 0.13897235576923078 0.4462139423076923 0.18329326923076922 0.5408653846153846 0.043569711538461536 0.6017127403846154 0.004507211538461536 0.5018028846153846
0 0.19831730769230765 0.6370192307692307 0.23061899038461536 0.7038762019230769 0.13446514423076922 0.7444411057692307 0.11192908653846151 0.6963641826923077 0.12620192307692307 0.6903545673076923 0.12019230769230771 0.6700721153846153
1 0.234375 0.7068810096153846 0.263671875 0.7827524038461539 0.1727764423076923 0.8173076923076923 0.14498197115384615 0.7549579326923077
0 0.263671875 0.7820012019230769 0.2974759615384615 0.858623798076923 0.18704927884615385 0.9059495192307692 0.1532451923076923 0.8270733173076923
0 0.22010216346153844 0.003756009615384615 0.20432692307692307 0.055588942307692304 0.24564302884615385 0.06159855769230769 0.23963341346153844 0.10216346153846154 0.27944711538461536 0.107421875 0.29296875 0.0751201923076923 0.361328125 0.08563701923076923 0.389873798076923 0.001502403846153846
1 0.06385216346153846 0.3703425480769231 0.01953125 0.2674278846153846 0.0 0.2734375 0.0 0.396484375
1 0.22536057692307693 0.99609375 0.15925480769230765 0.8481069711538461 0.04206730769230768 0.8924278846153846 0.08488581730769229 0.9975961538461539
0 0.03230168269230768 0.87890625 0.0030048076923076816 0.8180588942307692 0.01953125 0.8015324519230769 0.10216346153846151 0.7692307692307692 0.13221153846153844 0.8375901442307692
0 0.06911057692307693 0.6768329326923077 0.10967548076923078 0.7587139423076923 0.0 0.80078125 0.0 0.703125
