1 0.0 0.296875 0.05684267241379304 0.30018472906403937 0.05684267241379304 0.3915871305418719 0.0 0.390625
0 0.2665871305418719 0.2876770320197044 0.36953509852216737 0.27997998768472904 0.36376231527093583 0.1962746305418719 0.33297413793103436 0.19916102216748766 0.33586052955665013 0.21840363300492607 0.3185421798029556 0.21936576354679801 0.31469365763546786 0.17222136699507387 0.2540794334975369 0.17703201970443347
0 0.08089593596059108 0.5108913177339901 0.11264624384236449 0.6032558497536945 0.1771089901477832 0.5792025862068965 0.14632081280788173 0.487800184729064
1 0.04337284482758619 0.7331434729064038 0.03760006157635465 0.8245458743842363 0.10975985221674872 0.8274322660098521 0.11553263546798026 0.7321813423645319
1 0.004887623152709297 0.13950892857142855 0.02894088669950734 0.13084975369458127 0.04048645320197042 0.1818426724137931 0.0010391009852216415 0.18569119458128078
1 0.9968442118226599 0.7581588669950738 0.9285329433497536 0.7427647783251231 0.947775554187192 0.6475138546798028 0.9990090055418719 0.66015625
1 0.568359375 0.0 0.5590748152709358 0.05099291871921181 0.6514393472906402 0.06061422413793103 0.6562499999999999 0.0009621305418719211
1 0.5042333743842363 0.8341671798029555 0.5475292487684728 0.7831742610837438 0.5917872536945812 0.8187730911330048 0.5388700738916256 0.8716902709359605
0 0.5985221674876846 0.7947198275862069 0.641818041871921 0.7456511699507389 0.6706819581280787 0.7697044334975368 0.6341209975369457 0.8187730911330048
1 0.998046875 0.5703125 0.998046875 0.642578125 0.9679802955665022 0.6109528940886699
