0 0.3654463420542635 0.4632994186046511 0.3548479893410853 0.5268895348837209 0.26400496608527135 0.510234980620155 0.27611736918604646 0.44361676356589147
0 0.5743852955426356 0.5496002906976744 0.5304778343023255 0.6389292635658914 0.44569101259689925 0.5965358527131783 0.4805141715116279 0.5072068798449613
1 0.7575853924418605 0.6404433139534883 0.7303324854651163 0.7312863372093023 0.6364613614341085 0.6979772286821705 0.659172117248062 0.6147044573643411
1 0.10502967538759689 0.8130450581395349 0.16407764050387597 0.900859980620155 0.25037851259689925 0.8175872093023255 0.18678839631782945 0.7539970930232558
0 0.0762627180232558 0.856952519379845 0.21101320251937983 0.9977592054263565 0.06415031492248063 0.9947311046511628 0.0020742490310077244 0.931140988372093
0 0.07020651647286819 0.5768531976744186 0.13076853197674415 0.6888929263565892 0.0399255087209302 0.7191739341085271 0.0 0.61328125
1 0.2973140746124031 0.16805959302325582 0.2700611676356589 0.26344476744186046 0.16104953972868213 0.2210513565891473 0.19738674903100772 0.13929263565891473
1 0.8178013392857142 0.10872075123152708 0.7571871151477831 0.16644858374384233 0.8075490552325582 0.24224806201550386 0.824203609496124 0.23164970930232556 0.8332879118217054 0.24376211240310078 0.8983920784883721 0.1953125
0 0.674312621124031 0.3709423449612403 0.5955820009689923 0.45421511627906974 0.5516745397286822 0.40122335271317827 0.6243489583333333 0.33006298449612403
0 0.5577307412790697 0.006056201550387596 0.5350199854651163 0.08327277131782945 0.46234556686046513 0.08175872093023255 0.48657037306201545 0.003028100775193798
0 0.975608648255814 0.27707122093023256 0.9862070009689923 0.3391472868217054 0.884765625 0.3497456395348837 0.8771953730620154 0.2891836240310077
0 0.7605257081280787 0.3069196428571428 0.8471174568965516 0.3069196428571428 0.8471174568965516 0.3502155172413793 0.7605257081280787 0.3502155172413793
0 0.9587245997536944 0.3877386083743842 0.998046875 0.3877386083743842 0.998046875 0.45703125 0.9587245997536944 0.45703125
0 0.9183151169950738 0.4647090517241379 0.998046875 0.4647090517241379 0.998046875 0.56640625 0.9183151169950738 0.56640625
0 0.6840651939655171 0.03944735221674876 0.7860510314039407 0.03944735221674876 0.7860510314039407 0.12122844827586206 0.6840651939655171 0.12122844827586206
1 0.3126828048029556 0.05868996305418719 0.37618342056650245 0.05868996305418719 0.37618342056650245 0.10294796798029555 0.3126828048029556 0.10294796798029555
1 0.4339112530788176 0.182804802955665 0.5330106988916256 0.182804802955665 0.5330106988916256 0.2790178571428571 0.4339112530788176 0.2790178571428571
