0 0.024130233990147743 0.20397167487684725 0.06935036945812806 0.24919181034482757 0.0029633620689654694 0.2972983374384236 0.0 0.236328125 0.0 0.224609375
0 0.15209359605911327 0.5070427955665024 0.1443965517241379 0.4483528325123152 0.05972906403940881 0.4656711822660098 0.06742610837438417 0.4945350985221674 0.07897167487684725 0.4935729679802955 0.08282019704433491 0.5205126231527093
1 0.3493303571428571 0.6119150246305418 0.39166410098522164 0.683112684729064 0.4792179802955664 0.6369304187192117 0.42630080049261077 0.5474522783251231 0.36087592364532006 0.5743919334975369 0.37145935960591125 0.5965209359605911
1 0.10494919950738912 0.6330818965517241 0.1261160714285714 0.7215979064039408 0.20693503694581272 0.7090902093596059 0.18288177339901468 0.6148014162561576
1 0.06261545566502458 0.5599599753694581 0.07608528325123148 0.6301955049261083 0.1771089901477832 0.6071043719211822 0.16556342364532012 0.5378309729064039
1 0.7794027093596059 0.9977293719211822 0.7255233990147782 0.9361530172413792 0.640625 0.998046875 0.783203125 0.998046875
1 0.4878771551724137 0.7774014778325122 0.4763315886699506 0.8187730911330048 0.5254002463054186 0.8312807881773397 0.5369458128078817 0.7899091748768472
0 0.4253386699507389 0.4117918719211822 0.4859528940886698 0.3877386083743842 0.5042333743842363 0.4291102216748768 0.4426570197044334 0.4560498768472906
1 0.32527709359605905 0.42237530788177335 0.40802032019704426 0.39062499999999994 0.4416948891625615 0.45989839901477825 0.35221674876847286 0.49549722906403937
1 0.019319581280788145 0.780287869458128 0.10110067733990141 0.7774014778325122 0.10975985221674872 0.7822121305418718 0.1078355911330049 0.840902093596059 0.10879772167487678 0.8543719211822659 0.0 0.853515625 0.003925492610837411 0.8091517857142856 0.017395320197044317 0.8081896551724137
1 0.05972906403940881 0.925569581280788 0.08859298029556645 0.8755387931034482 0.16171490147783246 0.9236453201970443 0.13188885467980288 0.9707897167487683
0 0.02605449507389157 0.9563577586206895 0.0 0.94921875 0.0 0.9765625 0.0231681034482758 0.9832974137931033
0 0.039524322660098477 0.5166641009852216 0.07031249999999994 0.5089670566502462 0.07993380541871914 0.5455280172413792 0.048183497536945785 0.5541871921182265
