1 0.7530432412790697 0.3981952519379845 0.7560713420542635 0.48146802325581395 0.6667423691860465 0.47692587209302323 0.6652283187984496 0.3981952519379845 0.7515291908914727 0.3997093023255814
1 0.9968053536821706 0.7948764534883721 0.913532582364341 0.841812015503876 0.9862070009689923 0.9129723837209303 0.998046875 0.90625
1 0.5864976986434108 0.5965358527131783 0.6092084544573643 0.7025193798449613 0.509281128875969 0.7343144379844961 0.479000121124031 0.6343871124031008
1 0.268547117248062 0.8524103682170543 0.33062318313953487 0.9023740310077519 0.268547117248062 0.9568798449612402 0.2155553536821705 0.9144864341085271
1 0.32002483042635654 0.27858527131782945 0.32002483042635654 0.3467175387596899 0.22463965600775193 0.35125968992248063 0.2140413032945736 0.2831274224806202
1 0.4002695009689923 0.11506782945736434 0.37755874515503873 0.2210513565891473 0.3245669815891473 0.20893895348837208 0.3275950823643411 0.11658187984496124
1 0.012672601744186052 0.44815891472868213 0.09745942344961239 0.4996366279069767 0.006616400193798444 0.5798812984496123
0 0.20495700096899222 0.3694282945736434 0.17467599321705424 0.436046511627907 0.08383296996124029 0.39516715116279066 0.11411397771317827 0.3270348837209302
1 0.21858345445736432 0.10749757751937984 0.2216115552325582 0.1892562984496124 0.10351562500000006 0.1953125 0.08837512112403106 0.11658187984496124
1 0.006215363300492577 0.6629079433497536 0.029306496305418706 0.6648322044334974 0.03700354064039407 0.6648322044334974 0.08126154556650245 0.658097290640394 0.08126154556650245 0.5917102832512314 0.007177493842364491 0.5945966748768472
1 0.12359528940886694 0.963092672413793 0.17170181650246302 0.9332666256157635 0.1976793411330049 0.9650169334975368 0.1484375 0.998046875
