1 0.2858297413793103 0.7639316502463053 0.2848676108374384 0.8793873152709358 0.3685729679802955 0.8832358374384235 0.37049722906403937 0.7610452586206896
1 0.3281634852216748 0.6648322044334974 0.3300877463054186 0.7418026477832511 0.3493303571428571 0.7418026477832511 0.3493303571428571 0.7600831280788176 0.4022475369458127 0.7639316502463053 0.3955126231527093 0.7379541256157635 0.4339978448275861 0.7418026477832511 0.4301493226600984 0.7033174261083743 0.44458128078817727 0.7004310344827586 0.44458128078817727 0.6609836822660098
1 0.40994458128078803 0.4647090517241379 0.42822506157635454 0.53590671182266 0.5080818965517241 0.5195504926108374 0.5023091133004925 0.48202740147783246 0.5407943349753693 0.475292487684729 0.5215517241379309 0.4156403940886699 0.42918719211822653 0.44065578817733986 0.4397706280788176 0.4647090517241379
0 0.43784636699507384 0.11737992610837437 0.45612684729064035 0.2232142857142857 0.49172567733990136 0.21551724137931033 0.4946120689655171 0.2328355911330049 0.5225138546798028 0.23091133004926107 0.5071197660098521 0.10679649014778324
1 0.7226370073891624 0.15490301724137928 0.7293719211822658 0.23860837438423643 0.8178879310344827 0.23860837438423643 0.8169258004926108 0.14239532019704432
1 0.5504156403940885 0.7937576970443349 0.5773552955665023 0.8726524014778324 0.7303340517241379 0.8110760467980295 0.703394396551724 0.73121921182266 0.6851139162561575 0.7360298645320196 0.6716440886699506 0.6975446428571428 0.6321967364532018 0.7100523399014778 0.6350831280788176 0.7254464285714285 0.5744689039408866 0.7446890394088669 0.5860144704433496 0.7725908251231526
1 0.18384390394088668 0.11353140394088669 0.26081434729064035 0.09909944581280787 0.2540794334975369 0.042333743842364525 0.17133620689655166 0.057727832512315266
0 0.24349599753694573 0.12603910098522167 0.2579279556650246 0.21263084975369456 0.3464439655172413 0.19916102216748766 0.35125461822660087 0.2232142857142857 0.4060960591133004 0.21840363300492607 0.38973983990147776 0.10198583743842363
1 0.0029633620689654694 0.7427647783251231 0.0876308497536945 0.7389162561576353 0.08378232758620685 0.6369304187192117 0.0 0.640625
0 0.03663793103448271 0.28190424876847286 0.027016625615763512 0.21744150246305416 0.07319889162561571 0.20204741379310343 0.09147937192118222 0.2645858990147783
0 0.0029633620689654694 0.9169104064039407 0.05203201970443344 0.8851600985221674 0.08666871921182262 0.9698275862068965 0.044334975369458074 0.9967672413793103 7.697044334969982e-05 0.9948429802955664
0 0.3281634852216748 0.962130541871921 0.353515625 0.998046875 0.416015625 0.998046875 0.4782558497536945 0.9457743226600984 0.4397706280788176 0.9034405788177339 0.3878155788177339 0.9486607142857142 0.36376231527093583 0.92653171182266
