0 0.6206430288461539 0.7857572115384616 0.7295673076923077 0.7857572115384616 0.7295673076923077 0.9344951923076923 0.6206430288461539 0.9344951923076923
1 0.8707932692307692 0.267578125 0.998046875 0.267578125 0.998046875 0.40640024038461536 0.8707932692307692 0.40640024038461536
1 0.685997596153846 0.5611478365384616 0.773888221153846 0.5611478365384616 0.773888221153846 0.6775841346153846 0.685997596153846 0.6775841346153846
1 0.04972956730769229 0.6310096153846153 0.15264423076923073 0.6310096153846153 0.15264423076923073 0.7602163461538461 0.04972956730769229 0.7602163461538461
1 0.052734375 0.7722355769230769 0.15189302884615385 0.7722355769230769 0.15189302884615385 0.8503605769230769 0.052734375 0.8503605769230769
1 0.06024639423076922 0.8451021634615384 0.15339543269230765 0.8451021634615384 0.15339543269230765 0.9239783653846153 0.06024639423076922 0.9239783653846153
1 0.0703125 0.9322415865384615 0.14287860576923073 0.9322415865384615 0.14287860576923073 0.998046875 0.0703125 0.998046875
0 0.412109375 0.731670673076923 0.6011117788461539 0.731670673076923 0.6011117788461539 0.998046875 0.412109375 0.998046875
1 0.31114783653846156 0.22085336538461536 0.5875901442307692 0.22085336538461536 0.5875901442307692 0.7384314903846153 0.31114783653846156 0.7384314903846153
1 0.0 0.2265625 0.32166466346153844 0.2265625 0.32166466346153844 0.7091346153846153 0.0 0.7091346153846153
1 0.3396935096153846 0.0 0.7889122596153846 0.0 0.7889122596153846 0.45447716346153844 0.3396935096153846 0.45447716346153844
0 0.00015024038461536326 0.0 0.2810997596153846 0.0 0.2810997596153846 0.2576622596153846 0.00015024038461536326 0.2576622596153846
0 0.8152043269230769 0.5243389423076923 0.9391526442307692 0.5243389423076923 0.9391526442307692 0.6370192307692307 0.8152043269230769 0.6370192307692307
1 0.8534001693349752 0.6378925492610836 0.9539139470443347 0.6378925492610836 0.9539139470443347 0.7783636083743841 0.8534001693349752 0.7783636083743841
1 0.8952239839901477 0.5003078817733989 0.998046875 0.5003078817733989 0.998046875 0.62890625 0.8952239839901477 0.62890625
0 0.890413331280788 0.8264701354679802 0.998046875 0.8264701354679802 0.998046875 0.943359375 0.890413331280788 0.943359375
0 0.9385198583743841 0.931640625 0.998046875 0.931640625 0.998046875 0.9948429802955664 0.9385198583743841 0.9948429802955664
0 0.9616109913793103 0.766818041871921 0.998046875 0.766818041871921 0.998046875 0.8671875 0.9616109913793103 0.8671875
0 0.9385198583743841 0.002886391625615763 0.9972098214285712 0.002886391625615763 0.9972098214285712 0.13469827586206895 0.9385198583743841 0.13469827586206895
0 0.7778440578817734 0.2145551108374384 0.9067695504926108 0.2145551108374384 0.9067695504926108 0.30018472906403937 0.7778440578817734 0.30018472906403937
0 0.004291102216748749 0.7331434729064038 0.045662715517241326 0.7331434729064038 0.045662715517241326 0.792795566502463 0.004291102216748749 0.792795566502463
1 0.007177493842364491 0.9361530172413792 0.0625 0.9361530172413792 0.0625 0.998046875 0.007177493842364491 0.998046875
0 0.0004425800492610654 0.8726524014778324 0.06105680418719206 0.8726524014778324 0.06105680418719206 0.9400015394088669 0.0004425800492610654 0.9400015394088669
0 0.0023668411330048933 0.815886699507389 0.05047336822660092 0.815886699507389 0.05047336822660092 0.8755387931034482 0.0023668411330048933 0.8755387931034482
