1 0.9407854893410852 0.11052567829457365 0.9195887839147288 0.20439680232558138 0.8378300629844961 0.1832000968992248 0.8575127180232558 0.08932897286821705
1 0.9968053536821706 0.27404312015503873 0.9650102955426356 0.2619307170542636 0.9317011870155039 0.3815406976744186 0.9952913032945736 0.3981952519379845
1 0.7121638808139534 0.14080668604651161 0.6758266715116279 0.29069767441860467 0.5955820009689923 0.27404312015503873 0.6425175629844961 0.13475048449612403
1 0.3245669815891473 0.44058866279069764 0.4093538032945736 0.4920663759689922 0.37301659399224807 0.5314316860465116 0.33365128391472865 0.5147771317829457 0.3412215358527132 0.4920663759689922 0.30791242732558133 0.47389777131782945
1 0.7893804505813953 0.5526283914728682 0.7590994428294573 0.6601259689922481 0.6394894622093023 0.6268168604651163 0.6697704699612402 0.525375484496124
1 0.7439589389534884 0.6934350775193798 0.7091357800387597 0.7842781007751938 0.5683290939922481 0.705547480620155 0.5774133963178294 0.646499515503876
1 0.9347292877906976 0.7464268410852712 0.9317011870155039 0.8039607558139534 0.8438862645348837 0.7797359496124031 0.8514565164728682 0.7252301356589147
1 0.8090631056201549 0.7630813953488372 0.7712118459302326 0.8251574612403101 0.7273043846899225 0.7918483527131783 0.7666696947674418 0.7222020348837209
1 0.18527434593023256 0.49660852713178294 0.18073219476744184 0.5586845930232558 0.29277192344961234 0.570796996124031 0.2958000242248062 0.5284035852713178
0 0.45264393472906395 0.2992225985221674 0.5199930726600984 0.1924261083743842 0.5748345135467979 0.24149476600985217 0.48824276477832507 0.3550261699507389
0 0.9125423337438423 0.5734298029556649 0.963535252463054 0.499345751231527 0.998046875 0.51953125 0.998046875 0.630859375
