1 0.9937772529069766 0.5087209302325582 0.8211755087209303 0.5465721899224806 0.8590267684108528 0.7388565891472868 0.998046875 0.70703125
1 0.6803688226744186 0.8342417635658914 0.7061076792635659 0.9583938953488372 0.6334332606589147 0.9659641472868217 0.6122365552325582 0.8508963178294573
1 0.4123819040697674 0.8645227713178294 0.4260083575581395 0.9659641472868217 0.28065952034883723 0.9901889534883721 0.2700611676356589 0.885719476744186
1 0.7212481831395348 0.5919937015503876 0.748501090116279 0.7146317829457364 0.6849109738372092 0.7191739341085271 0.6576580668604651 0.616218507751938
1 0.6364613614341085 0.6207606589147286 0.6622002180232558 0.720687984496124 0.5925539001937984 0.7403706395348837 0.569843144379845 0.6253028100775193
1 0.5441042877906976 0.631359011627907 0.5713571947674418 0.7312863372093023 0.5032249273255813 0.7312863372093023 0.48505632267441856 0.6419573643410853
0 0.4668877180232558 0.631359011627907 0.4911125242248062 0.7600532945736433 0.4123819040697674 0.7736797480620154 0.3942132994186046 0.6601259689922481 0.43357860949612403 0.6495276162790697 0.4350926598837209 0.6268168604651163
1 0.12168422965116277 0.6964631782945736 0.1474230862403101 0.8175872093023255 0.0747486676356589 0.8327277131782945 0.04900981104651164 0.7040334302325582
1 0.038411458333333315 0.7100896317829457 0.0020742490310077244 0.7176598837209303 0.0 0.802734375 0.0 0.841796875 0.05203791182170542 0.8327277131782945
1 0.0898891715116279 0.5420300387596899 0.1110858769379845 0.6359011627906976 0.05052386143410853 0.6480135658914729 0.042953609496124034 0.6328730620155039 0.03235525678294571 0.6343871124031008 0.02932715600775193 0.6056201550387597 0.012672601744186052 0.6071342054263565 0.0 0.55078125
1 0.34879178779069764 0.48903827519379844 0.37301659399224807 0.5904796511627907 0.30337027616279066 0.6025920542635659 0.2867157218992248 0.5632267441860465 0.27460331879844957 0.5601986434108527 0.26400496608527135 0.5147771317829457 0.2821735707364341 0.5147771317829457 0.28065952034883723 0.5011506782945736
1 0.5168513808139534 0.45270106589147285 0.5516745397286822 0.555656492248062 0.463859617248062 0.5723110465116279 0.44720506298449614 0.46632751937984496
1 0.6107225048449613 0.436046511627907 0.6334332606589147 0.5390019379844961 0.5668150436046512 0.5420300387596899 0.539562136627907 0.44815891472868213
1 0.6500878149224806 0.1710876937984496 0.6788547722868217 0.30886627906976744 0.5895257994186046 0.30886627906976744 0.5653009932170543 0.1847141472868217 0.628891109496124 0.1771438953488372
1 0.5531885901162791 0.2059108527131783 0.5743852955426356 0.32249273255813954 0.5213935319767442 0.3240067829457364 0.4956546753875969 0.21196705426356588
1 0.4653736676356589 0.21196705426356588 0.5001968265503876 0.3391472868217054 0.42903645833333326 0.3542877906976744 0.3972414001937984 0.21953730620155038
1 0.2867157218992248 0.2967538759689922 0.3018562257751938 0.375484496124031 0.20949915213178294 0.390625 0.18830244670542634 0.3255208333333333
1 0.2579487645348837 0.2028827519379845 0.2852016715116279 0.2679869186046512 0.18073219476744184 0.3043241279069767 0.15499333817829458 0.23164970930232556
1 0.2291818071705426 0.12263808139534883 0.25189256298449614 0.1862281976744186 0.14590903585271314 0.22407945736434107 0.12774043120155038 0.1559471899224806
1 0.17619004360465113 0.02119670542635659 0.21252725290697672 0.10598352713178294 0.1262263808139535 0.14080668604651161 0.09291727228682167 0.06964631782945736
1 0.8060350048449612 0.11960998062015503 0.7379027374031006 0.2074249031007752 0.6864250242248062 0.1635174418604651 0.750015140503876 0.08478682170542635
1 0.01872880329457366 0.3648861434108527 0.1398528343023256 0.33611918604651164 0.16256359011627908 0.41636385658914726 0.041439559108527146 0.43907461240310075
1 0.9831789001937985 0.0 0.9574400436046511 0.04844961240310077 0.8620548691860466 0.006056201550387596 0.8726532218992247 0.001514050387596899
0 0.6818828730620154 0.42393410852713176 0.718220082364341 0.5465721899224806 0.6455456637596899 0.555656492248062 0.6258630087209303 0.43756056201550386
0 0.3790727955426356 0.6692102713178294 0.3942132994186046 0.7736797480620154 0.33062318313953487 0.7797359496124031 0.313968628875969 0.6843507751937984
0 0.29428597383720934 0.6873788759689923 0.32153888081395343 0.8100169573643411 0.29277192344961234 0.8054748062015503 0.28974382267441856 0.7933624031007752 0.24583636143410847 0.7933624031007752 0.23372395833333337 0.6934350775193798
0 0.20495700096899222 0.6752664728682171 0.23372395833333337 0.8009326550387597 0.16710574127906974 0.8100169573643411 0.13833878391472865 0.7161458333333333 0.16407764050387597 0.7085755813953488 0.15499333817829458 0.6782945736434108
0 0.15650738856589147 0.5238614341085271 0.17619004360465113 0.6147044573643411 0.12925448158914726 0.6207606589147286 0.11259992732558138 0.5284035852713178
0 0.7636415939922481 0.8206153100775193 0.7908945009689923 0.9477955426356589 0.7257903343023255 0.961421996124031 0.6939952761627907 0.8281855620155039
0 0.5955820009689923 0.856952519379845 0.6228349079457364 0.9886749031007752 0.5501604893410853 0.9947311046511628 0.5107951792635659 0.8796632751937984
0 0.24583636143410847 0.9144864341085271 0.26400496608527135 0.9932170542635659 0.13379663275193798 0.991703003875969 0.13076853197674415 0.9705062984496123 0.15196523740310075 0.9538517441860465 0.13833878391472865 0.9356831395348837
0 0.23826610949612403 0.5056928294573644 0.26400496608527135 0.6086482558139534 0.22009750484496127 0.6268168604651163 0.19587269864341084 0.5132630813953488
0 0.08837512112403101 0.23316375968992248 0.1247123304263566 0.30735222868217055 0.026299055232558155 0.3330910852713178 0.0020742490310077244 0.26647286821705424
0 0.059608163759689914 0.14534883720930233 0.09443132267441862 0.20893895348837208 0.03235525678294571 0.24527616279069767 0.021756904069767435 0.23164970930232556 0.0 0.2421875 0.0 0.171875
0 0.0005601986434108364 0.16048934108527133 0.06263626453488369 0.12869428294573643 0.053551962209302306 0.10144137596899225 0.017214752906976716 0.12718023255813954 0.011158551356589164 0.10901162790697674 0.03235525678294571 0.09538517441860465 0.01872880329457366 0.05753391472868217 0.0 0.064453125 0.0 0.15234375
0 0.43206455910852715 0.4708696705426356 0.4502331637596899 0.5844234496124031 0.3866430474806202 0.5980499031007752 0.3669603924418604 0.47541182170542634
1 0.479000121124031 0.08478682170542635 0.5153373304263565 0.15291908914728683 0.3851289970930233 0.20893895348837208 0.3548479893410853 0.13172238372093023 0.463859617248062 0.09235707364341085
1 0.4396348110465116 0.006056201550387596 0.47445796996124034 0.07570251937984496 0.3578760901162791 0.12112403100775193 0.33365128391472865 0.051477713178294575
1 0.7394167877906976 0.040879360465116275 0.7242762839147288 0.08630087209302326 0.6500878149224806 0.10144137596899225 0.6031522529069767 0.06813226744186046 0.6334332606589147 0.004542151162790698 0.7469870397286822 0.004542151162790698
0 0.1322825823643411 0.003028100775193798 0.15196523740310075 0.028766957364341084 0.08686107073643412 0.06207606589147287 0.05203791182170542 0.004542151162790698
1 0.6879137161330048 0.9698275862068965 0.798828125 0.9698275862068965 0.798828125 0.998046875 0.6879137161330048 0.998046875
1 0.3030614993842364 0.9842595443349752 0.4156307727832511 0.9842595443349752 0.4156307727832511 0.9967672413793103 0.3030614993842364 0.9967672413793103
