0 0.008736145320197009 0.10775862068965517 0.04337284482758619 0.06638700738916255 0.05010775862068961 0.03752309113300492 0.002001231527093583 0.0009621305418719211
0 0.2829433497536945 0.01731834975369458 0.2992995689655171 0.0009621305418719211 0.4869150246305418 0.0009621305418719211 0.39743688423645307 0.12026631773399013 0.26947352216748766 0.03367456896551724 0.27717056650246297 0.02693965517241379
1 0.6581742610837438 0.3319350369458128 0.7572737068965516 0.1924261083743842 0.998046875 0.384765625 0.998046875 0.60546875
1 0.10494919950738912 0.17991841133004924 0.2088592980295566 0.2645858990147783 0.26081434729064035 0.1962746305418719 0.19346520935960587 0.15009236453201968 0.21174568965517238 0.13181188423645318 0.17518472906403937 0.1048722290640394
0 0.05780480295566498 0.255926724137931 0.09051724137931028 0.2058959359605911 0.10206280788177335 0.21359298029556648 0.12130541871921174 0.20012315270935957 0.20116225369458118 0.2655480295566502 0.1492072044334975 0.33963208128078815
0 0.007774014778325067 0.329048645320197 0.06069119458128075 0.2655480295566502 0.14247229064039402 0.3271243842364532 0.09340363300492605 0.3973599137931034
1 0.24445812807881762 0.28479064039408863 0.33586052955665013 0.3559883004926108 0.3839670566502462 0.2838285098522167 0.28679187192118216 0.21840363300492607
0 0.191540948275862 0.37138238916256155 0.24349599753694573 0.3011468596059113 0.3300877463054186 0.3646474753694581 0.2742841748768472 0.43103448275862066
0 0.07127463054187189 0.499345751231527 0.16652555418719206 0.5647706280788176 0.2271397783251231 0.48972444581280783 0.13669950738916248 0.4233374384236453
0 0.1492072044334975 0.4329587438423645 0.18769242610837433 0.37426878078817727 0.27139778325123143 0.42718596059113295 0.22329125615763545 0.49549722906403937
1 0.42726293103448265 0.4252616995073891 0.5157789408866994 0.4974214901477832 0.5754310344827586 0.4242995689655172 0.4811422413793103 0.35310190886699505
1 0.36376231527093583 0.4974214901477832 0.41860375615763534 0.4233374384236453 0.5302108990147782 0.5089670566502462 0.4772937192118225 0.5840132389162561
0 0.3185421798029556 0.5638084975369457 0.3685729679802955 0.5041564039408867 0.4522783251231526 0.5666948891625615 0.4041717980295566 0.6282712438423644
0 0.2540794334975369 0.6407789408866994 0.31661791871921174 0.5695812807881773 0.4060960591133004 0.6330818965517241 0.35510314039408863 0.7013931650246304
1 0.3945504926108373 0.7321813423645319 0.43688423645320185 0.6715671182266009 0.5398322044334974 0.7398783866995073 0.49076354679802947 0.8072275246305418
0 0.42918719211822653 0.6609836822660098 0.5398322044334974 0.7389162561576353 0.5889008620689654 0.6667564655172413 0.5042333743842363 0.6051801108374384 0.47248306650246297 0.6494381157635467 0.44746767241379304 0.6292333743842363
1 0.5571505541871921 0.524361145320197 0.6466286945812807 0.5936345443349753 0.7014701354679802 0.5233990147783251 0.6860760467980294 0.5051185344827586 0.6706819581280787 0.5195504926108374 0.642780172413793 0.4974214901477832 0.6600985221674875 0.4858759236453201 0.6370073891625615 0.46663331280788173 0.617764778325123 0.47817887931034475 0.5975600369458127 0.4608605295566502
1 0.5061576354679802 0.6013315886699506 0.5273245073891625 0.5801647167487683 0.5100061576354679 0.5686191502463054 0.5407943349753693 0.5339824507389161 0.5504156403940885 0.5436037561576355 0.5533020320197043 0.5368688423645319 0.642780172413793 0.5936345443349753 0.5879387315270935 0.6638700738916256
1 0.7303340517241379 0.6677185960591132 0.8390548029556648 0.7591209975369457 0.8900477216748768 0.6859990763546797 0.7851754926108374 0.597483066502463
1 0.8582974137931032 0.7658559113300492 0.8967826354679802 0.6985067733990147 0.9978063423645318 0.767780172413793 0.9564347290640391 0.8312807881773397
0 0.8073044950738915 0.852447660098522 0.9064039408866993 0.9082512315270935 0.9496998152709357 0.8303186576354679 0.849638238916256 0.7706665640394088
0 0.7678571428571428 0.9236453201970443 0.7967210591133003 0.8505233990147782 0.910252463054187 0.9092133620689654 0.8679187192118225 0.9832974137931033
0 0.7235991379310343 0.9958051108374383 0.7409174876847289 0.9428879310344827 0.890625 0.998046875
1 0.6764547413793103 0.7369919950738916 0.7361068349753694 0.6619458128078817 0.8323198891625614 0.7552724753694581 0.7822891009852215 0.815886699507389
0 0.63123460591133 0.8081896551724137 0.7197506157635467 0.8736145320197043 0.764008620689655 0.816848830049261 0.6754926108374383 0.7466133004926108
1 0.5715825123152708 0.8726524014778324 0.6254618226600984 0.7995304802955664 0.7178263546798029 0.8765009236453201 0.7053186576354677 0.8822737068965516 0.7216748768472905 0.9005541871921181 0.6774168719211822 0.9563577586206895
1 0.24830665024630538 0.9284559729064038 0.313731527093596 0.987145935960591 0.4224522783251231 0.8630310960591132 0.3474060960591132 0.8130003078817734
0 0.002001231527093583 0.7158251231527093 0.04914562807881767 0.7543103448275861 0.12419181034482751 0.6638700738916256 0.07897167487684725 0.6359682881773399 0.09629002463054182 0.6148014162561576 0.05299415024630538 0.5792025862068965 0.02605449507389157 0.6071043719211822 0.03663793103448271 0.6196120689655171 7.697044334969982e-05 0.6657943349753693 0.0 0.666015625
0 0.05588054187192115 0.7466133004926108 0.12515394088669946 0.6619458128078817 0.1809575123152709 0.7090902093596059 0.12034328817733986 0.7860606527093595
0 0.1905788177339901 0.8514855295566501 0.2579279556650246 0.7697044334975368 0.19346520935960587 0.7167872536945812 0.1636391625615763 0.743726908866995 0.17422259852216743 0.7552724753694581 0.1290024630541871 0.8149245689655171
1 0.18769242610837433 0.8678417487684728 0.2656249999999999 0.7754772167487683 0.3397090517241379 0.8283943965517241 0.24445812807881762 0.9371151477832511 0.17422259852216743 0.8813115763546797
0 0.004887623152709297 0.8870843596059113 0.05780480295566498 0.829356527093596 7.697044334969982e-05 0.7841363916256157
1 0.051069889162561555 0.9909944581280787 0.15305572660098515 0.8601447044334974 0.2261776477832511 0.9188346674876846 0.167487684729064 0.9977293719211822 0.146484375 0.998046875 0.05078125 0.998046875
0 0.23291256157635465 0.9178725369458127 0.16460129310344823 0.9967672413793103 0.2109375 0.998046875 0.27139778325123143 0.9967672413793103 0.2935267857142856 0.9698275862068965
0 0.3493303571428571 0.963092672413793 0.4118688423645319 0.8841979679802955 0.42918719211822653 0.8928571428571428 0.4339978448275861 0.8851600985221674 0.46478602216748754 0.9063269704433496 0.459975369458128 0.9169104064039407 0.48306650246305405 0.9332666256157635 0.431640625 0.998046875 0.400390625 0.998046875
0 0.4763315886699506 0.9573198891625615 0.4375 0.998046875 0.53515625 0.998046875
