1 0.5191200657894737 0.004111842105263158 0.5622944078947367 0.07092927631578946 0.658922697368421 0.02158717105263158 0.6404194078947367 0.0010279605263157894
1 0.5674342105263157 0.07606907894736842 0.6136924342105263 0.15316611842105263 0.712376644736842 0.10382401315789473 0.6620065789473684 0.022615131578947366
1 0.17578125 0.08326480263157894 0.21792763157894735 0.16652960526315788 0.3248355263157894 0.10999177631578946 0.2662417763157894 0.023643092105263157 0.16447368421052633 0.08018092105263157
1 0.027754934210526272 0.2754934210526316 0.12335526315789469 0.23129111842105263 0.07195723684210525 0.14802631578947367 0.00616776315789469 0.1942845394736842 0.004111842105263108 0.21792763157894735
0 0.031866776315789436 0.2981085526315789 0.06476151315789469 0.37417763157894735 0.16652960526315785 0.3238075657894737 0.11615953947368418 0.2436266447368421
1 0.07401315789473684 0.38137335526315785 0.11307565789473684 0.45744243421052627 0.20764802631578938 0.39370888157894735 0.16652960526315785 0.32483552631578944
1 0.11924342105263153 0.4512746710526315 0.16550164473684204 0.5335115131578947 0.2672697368421052 0.47697368421052627 0.2210115131578947 0.3978207236842105
0 0.19325657894736836 0.5345394736842105 0.23129111842105254 0.5921052631578947 0.3145559210526315 0.5499588815789473 0.27652138157894735 0.4841694078947368
1 0.06578947368421051 0.6116365131578947 0.08737664473684209 0.6044407894736842 0.1377467105263157 0.5715460526315789 0.17886513157894735 0.6260279605263157 0.13569078947368418 0.6568667763157894 0.14185855263157887 0.678453947368421 0.10485197368421051 0.6897615131578947
0 0.04831414473684209 0.5993009868421052 0.12643914473684204 0.556126644736842 0.08223684210526311 0.47388980263157887 0.005139802631578927 0.5150082236842105
1 0.005139802631578927 0.5057565789473684 0.08737664473684209 0.46155427631578944 0.03803453947368418 0.3752055921052631 0.00925164473684209 0.3967927631578947
1 0.11204769736842102 0.004111842105263158 0.13157894736842102 0.03700657894736842 0.14699835526315785 0.03392269736842105 0.1634457236842105 0.06373355263157894 0.25699013157894735 0.023643092105263157 0.2354029605263157 0.0010279605263157894
1 0.020559210526315763 0.08018092105263157 0.06578947368421051 0.15008223684210525 0.007195723684210509 0.1942845394736842 0.004111842105263108 0.09046052631578946
1 0.22615131578947367 0.17269736842105263 0.2600740131578947 0.24054276315789472 0.3577302631578947 0.19120065789473684 0.3207236842105262 0.11204769736842105
1 0.26315789473684204 0.2436266447368421 0.31558388157894735 0.3392269736842105 0.41426809210526305 0.2785773026315789 0.3649259868421052 0.18811677631578946
1 0.3238075657894737 0.3567023026315789 0.4101562499999999 0.4872532894736842 0.5016447368421052 0.4348273026315789 0.4481907894736842 0.34745065789473684 0.4122121710526315 0.3690378289473684 0.38034539473684204 0.30530427631578944 0.31763980263157887 0.34231085526315785
0 0.46463815789473684 0.2826891447368421 0.483141447368421 0.32483552631578944 0.5407072368421052 0.29296875 0.5139802631578947 0.24876644736842105
1 0.36903782894736836 0.18708881578947367 0.41426809210526305 0.26212993421052627 0.5150082236842105 0.21895559210526314 0.4687499999999999 0.12849506578947367
1 0.3443667763157894 0.1449424342105263 0.37109375 0.1840049342105263 0.4687499999999999 0.13157894736842105 0.4101562499999999 0.040090460526315784 0.37623355263157887 0.05756578947368421 0.3824013157894737 0.07504111842105263 0.35464638157894735 0.0873766447368421 0.3649259868421052 0.12746710526315788
1 0.29296875 0.002055921052631579 0.33717105263157887 0.08943256578947367 0.4430509868421052 0.030838815789473683 0.424547697368421 0.003083881578947368 0.3988486842105262 0.015419407894736841 0.3844572368421052 0.003083881578947368
1 0.6085526315789473 0.18194901315789472 0.658922697368421 0.25390625 0.7586348684210527 0.20045230263157893 0.703125 0.12438322368421052
1 0.4769736842105262 0.3700657894736842 0.5622944078947367 0.3217516447368421 0.6054687499999999 0.38651315789473684 0.5088404605263157 0.44510690789473684 0.49342105263157887 0.4163240131578947 0.502672697368421 0.4091282894736842
1 0.6650904605263157 0.25493421052631576 0.692845394736842 0.3042763157894737 0.7092927631578947 0.29708059210526316 0.7257401315789473 0.3145559210526316 0.8069490131578947 0.26726973684210525 0.765830592105263 0.19634046052631576
1 0.7740542763157894 0.19120065789473684 0.8254523026315788 0.2713815789473684 0.8953536184210524 0.22717927631578946 0.8532072368421051 0.1634457236842105 0.8223684210526314 0.1829769736842105 0.8090049342105263 0.17269736842105263 0.7863898026315788 0.18708881578947367
1 0.8912417763157894 0.12746710526315788 0.8891858552631577 0.20662006578947367 0.9919819078947367 0.2025082236842105 0.9837582236842104 0.11924342105263157 0.980674342105263 0.09046052631578946 0.9261924342105263 0.09354440789473684 0.9261924342105263 0.13055098684210525
0 0.873766447368421 0.3690378289473684 0.9169407894736841 0.4533305921052631 0.9930098684210524 0.4091282894736842 0.9796463815789473 0.3875411184210526 0.9919819078947367 0.3803453947368421 0.9878700657894737 0.36698190789473684 0.99609375 0.35978618421052627 0.9703947368421051 0.3196957236842105
1 0.7740542763157894 0.43996710526315785 0.8264802631578947 0.5242598684210525 0.922080592105263 0.463610197368421 0.873766447368421 0.3752055921052631 0.843955592105263 0.3885690789473684 0.8511513157894737 0.3978207236842105
0 0.5653782894736842 0.5437911184210525 0.6661184210526314 0.4954769736842105 0.7051809210526314 0.5633223684210525 0.6116365131578947 0.6157483552631579
1 0.8275082236842104 0.5345394736842105 0.8799342105263157 0.6167763157894737 0.95703125 0.5736019736842105 0.9046052631578947 0.4923930921052631
1 0.5006167763157894 0.6763980263157894 0.5725740131578947 0.6373355263157894 0.536595394736842 0.5674342105263157 0.46566611842105254 0.5993009868421052
0 0.005139802631578927 0.8604029605263157 0.04523026315789469 0.8408717105263157 0.08840460526315785 0.9097450657894737 0.049342105263157854 0.932360197368421 0.05037006578947367 0.9446957236842105 0.0 0.9724506578947367
1 0.07709703947368418 0.9148848684210525 0.134765625 0.998046875 0.005859375 0.998046875 0.00616776315789469 0.9765624999999999 0.05962171052631576 0.9364720394736842 0.05962171052631576 0.9241365131578947 0.06578947368421051 0.922080592105263
1 0.15830592105263153 0.7771381578947368 0.1963404605263157 0.8449835526315789 0.29605263157894735 0.795641447368421 0.26418585526315785 0.737047697368421 0.23643092105263153 0.7545230263157894 0.22615131578947367 0.7329358552631579
1 0.25904605263157887 0.7154605263157894 0.29605263157894735 0.7935855263157894 0.405016447368421 0.7360197368421052 0.3577302631578947 0.6650904605263157
1 0.34231085526315785 0.7781661184210525 0.38137335526315785 0.8593749999999999 0.4492187499999999 0.8172286184210525 0.40090460526315785 0.7380756578947368
1 0.19017269736842102 0.8532072368421052 0.2939967105263157 0.7987253289473684 0.33614309210526305 0.868626644736842 0.24259868421052622 0.9303042763157894
1 0.24671052631578938 0.9344161184210525 0.283203125 0.998046875 0.314453125 0.998046875 0.37109375 0.971422697368421 0.3248355263157894 0.8850740131578947
1 0.38034539473684204 0.8665707236842105 0.42660361842105254 0.9426398026315789 0.49342105263157887 0.9087171052631579 0.44510690789473684 0.8233963815789473
0 0.5098684210526315 0.6794819078947368 0.5530427631578947 0.7586348684210525 0.6321957236842104 0.7113486842105262 0.6064967105263157 0.6753700657894737 0.5993009868421052 0.6794819078947368 0.5725740131578947 0.6373355263157894
1 0.5550986842105262 0.7596628289473684 0.5962171052631579 0.8408717105263157 0.6918174342105263 0.7935855263157894 0.6404194078947367 0.7072368421052632
1 0.634251644736842 0.6106085526315789 0.6455592105263157 0.6455592105263157 0.6568667763157894 0.6455592105263157 0.6907894736842104 0.6846217105263157 0.7596628289473684 0.6435032894736842 0.707236842105263 0.5674342105263157
1 0.6774259868421051 0.697985197368421 0.692845394736842 0.731907894736842 0.668174342105263 0.7524671052631579 0.7062088815789473 0.8018092105263157 0.810032894736842 0.7391036184210525 0.7504111842105263 0.6548108552631579
0 0.712376644736842 0.795641447368421 0.8079769736842104 0.7452713815789473 0.8552631578947367 0.8233963815789473 0.7452713815789473 0.8778782894736842 0.7339638157894737 0.8449835526315789 0.746299342105263 0.8408717105263157
0 0.4091282894736842 0.9601151315789473 0.49342105263157887 0.912828947368421 0.537109375 0.998046875 0.423828125 0.998046875
0 0.5972450657894736 0.8388157894736842 0.6455592105263157 0.9282483552631579 0.72265625 0.8861019736842105 0.6990131578947367 0.849095394736842 0.6794819078947367 0.8604029605263157 0.6661184210526314 0.8336759868421052 0.6476151315789473 0.8388157894736842 0.634251644736842 0.8223684210526315
1 0.6506990131578947 0.9354440789473684 0.7164884868421051 0.8994654605263157 0.7668585526315788 0.9775904605263157 0.7915296052631577 0.9652549342105262 0.8059210526315788 0.9930098684210525 0.6897615131578947 0.9971217105263157
0 0.7750822368421051 0.9241365131578947 0.8069490131578947 0.9107730263157894 0.7781661184210527 0.8532072368421052 0.8532072368421051 0.8264802631578947 0.8902138157894737 0.8922697368421052 0.7966694078947367 0.9529194078947367
0 0.8059210526315788 0.9539473684210525 0.8922697368421051 0.902549342105263 0.939453125 0.998046875 0.8359375 0.998046875
0 0.99609375 0.5530427631578947 0.9786184210526314 0.5499588815789473 0.985814144736842 0.46669407894736836 0.998046875 0.46484375 0.998046875 0.548828125
