1 0.21409254807692307 0.3485576923076923 0.16751802884615385 0.4236778846153846 0.11418269230769229 0.39212740384615385 0.16526442307692307 0.31850961538461536
1 0.05634014423076922 0.32752403846153844 0.12620192307692307 0.3650841346153846 0.09164663461538458 0.4289362980769231 0.01577524038461539 0.3853665865384615
1 0.04507211538461539 0.6370192307692307 0.0 0.615234375 0.030048076923076927 0.5220853365384616 0.07361778846153846 0.5348557692307692 0.12019230769230771 0.5513822115384616 0.10817307692307693 0.5799278846153846 0.06385216346153846 0.56640625
0 0.48677884615384615 0.32827524038461536 0.5679086538461539 0.3853665865384615 0.6032151442307692 0.3440504807692308 0.6227463942307692 0.35682091346153844 0.6512920673076923 0.2614182692307692 0.5649038461538461 0.2185997596153846
0 0.5018028846153846 0.17352764423076922 0.5746694711538461 0.22235576923076922 0.595703125 0.18479567307692307 0.614483173076923 0.19381009615384615 0.625 0.17352764423076922 0.5423677884615384 0.1239483173076923
0 0.35231370192307687 0.22686298076923075 0.42142427884615385 0.2606670673076923 0.4725060096153846 0.16751802884615383 0.40564903846153844 0.1337139423076923
0 0.07737379807692307 0.08864182692307691 0.1509915865384615 0.12845552884615385 0.17803485576923078 0.08939302884615384 0.17352764423076922 0.07662259615384615 0.1953125 0.029296875 0.13521634615384615 0.0 0.10967548076923078 0.04206730769230769 0.10366586538461536 0.03756009615384615
0 0.2629206730769231 0.2020733173076923 0.20357572115384615 0.15399639423076922 0.25991586538461536 0.07286658653846154 0.2741887019230769 0.08338341346153846 0.2854567307692307 0.07061298076923077 0.32376802884615385 0.0946514423076923 0.2839543269230769 0.15474759615384615 0.2922175480769231 0.16150841346153846
1 0.6362680288461539 0.01502403846153846 0.5551382211538461 0.12920673076923075 0.49278846153846156 0.09014423076923077 0.46724759615384615 0.12169471153846154 0.42818509615384615 0.09615384615384615 0.4912860576923077 0.002253605769230769 0.6167367788461539 0.001502403846153846
1 0.36283052884615385 0.8135516826923077 0.38236177884615385 0.7534555288461539 0.31850961538461536 0.7369290865384616 0.29897836538461536 0.7992788461538461
0 0.017277644230769218 0.2216045673076923 0.07061298076923075 0.26517427884615385 0.003756009615384609 0.35757211538461536 0.0007512019230769273 0.24338942307692307
0 0.3155691964285714 0.004810652709359605 0.36752424568965514 0.004810652709359605 0.36752424568965514 0.041371613300492605 0.3155691964285714 0.041371613300492605
