0 0.536595394736842 0.8038651315789473 0.48046875 0.998046875 0.756578947368421 0.9940378289473684 0.804893092105263 0.883018092105263
0 0.834703947368421 0.4944490131578947 0.941611842105263 0.5324835526315789 0.9642269736842104 0.46155427631578944 0.9385279605263157 0.4564144736842105 0.9590871710526314 0.4122121710526315 0.87890625 0.3762335526315789
0 0.7493832236842104 0.3782894736842105 0.815172697368421 0.4317434210526315 0.8655427631578947 0.36492598684210525 0.8059210526315788 0.3114720394736842
0 0.9673108552631577 0.4173519736842105 0.9796463815789473 0.4533305921052631 0.9868421052631577 0.44921874999999994 0.998046875 0.478515625 0.998046875 0.40625
0 0.907689144736842 0.22512335526315788 0.9642269736842104 0.27754934210526316 0.9971217105263157 0.23026315789473684 0.9971217105263157 0.16858552631578946 0.9693667763157894 0.14905427631578946
0 0.8223684210526314 0.1572779605263158 0.8840460526315788 0.21073190789473684 0.9446957236842104 0.13466282894736842 0.8840460526315788 0.09662828947368421
0 0.7349917763157894 0.08429276315789473 0.8018092105263157 0.14083059210526314 0.8717105263157894 0.054481907894736836 0.8141447368421051 0.002055921052631579
0 0.639391447368421 0.006167763157894736 0.7154605263157894 0.07092927631578946 0.7596628289473684 0.004111842105263158
1 0.2559621710526315 0.014391447368421052 0.3125 0.05653782894736842 0.3525904605263157 0.005139802631578947 0.25390625 0.002055921052631579
1 0.30324835526315785 0.06990131578947367 0.36903782894736836 0.12335526315789473 0.45949835526315785 0.009251644736842105 0.43996710526315785 0.002055921052631579 0.3577302631578947 0.002055921052631579
1 0.38754111842105254 0.10587993421052631 0.4512746710526315 0.16138980263157893 0.5191200657894737 0.08120888157894736 0.444078947368421 0.025699013157894735
1 0.43277138157894735 0.19325657894736842 0.4995888157894737 0.2436266447368421 0.5828536184210525 0.1377467105263158 0.5180921052631579 0.08018092105263157
1 0.5211759868421052 0.23231907894736842 0.5859374999999999 0.2754934210526316 0.6568667763157894 0.19325657894736842 0.580797697368421 0.1459703947368421
1 0.5993009868421052 0.27652138157894735 0.6630345394736841 0.32586348684210525 0.7308799342105263 0.2508223684210526 0.6661184210526314 0.1942845394736842
0 0.6599506578947367 0.3299753289473684 0.7308799342105263 0.39165296052631576 0.8110608552631577 0.2981085526315789 0.7349917763157894 0.2436266447368421
0 0.9261924342105263 0.08223684210526315 0.9878700657894737 0.13363486842105263 0.998046875 0.111328125 0.998046875 0.0 0.9878700657894737 0.003083881578947368
0 0.8254523026315788 0.007195723684210526 0.9004934210526314 0.05859374999999999 0.9498355263157894 0.006167763157894736
0 0.3636757235221674 0.9323044950738915 0.462890625 0.9323044950738915 0.462890625 0.998046875 0.3636757235221674 0.998046875
0 0.009611684113300462 0.8928571428571428 0.0923549107142857 0.8928571428571428 0.0923549107142857 0.9977293719211822 0.009611684113300462 0.9977293719211822
