0 0.9377573885658914 0.25587451550387597 0.7636415939922481 0.23164970930232556 0.6879390746124031 0.4860101744186046 0.8514565164728682 0.5374878875968992 0.8696251211240309 0.46027131782945735 0.9211028343023255 0.46481346899224807 0.9392714389534884 0.3664001937984496 0.9089904312015504 0.3573158914728682
1 0.9241309350775193 0.6449854651162791 0.9074763808139534 0.7328003875968992 0.8317738614341086 0.7176598837209303 0.8605408187984496 0.6328730620155039
1 0.5804414970930233 0.7388565891472868 0.5592447916666666 0.8100169573643411 0.44266291182170536 0.78125 0.4653736676356589 0.7161458333333333
0 0.5335059350775193 0.8660368217054263 0.569843144379845 0.9932170542635659 0.48505632267441856 0.9977592054263565 0.4547753149224806 0.8781492248062015
1 0.2564347141472868 0.7418846899224806 0.21101320251937983 0.8463541666666666 0.14136688468992248 0.8100169573643411 0.18678839631782945 0.7176598837209303
1 0.3669603924418604 0.23770591085271317 0.3366793846899224 0.32249273255813954 0.2730892684108527 0.3028100775193798 0.3094264777131783 0.2134811046511628
1 0.09897347383720928 0.20893895348837208 0.16710574127906974 0.29372577519379844 0.12017017926356588 0.3194646317829457 0.05052386143410853 0.25587451550387597
1 0.059608163759689914 0.42242005813953487 0.12017017926356588 0.47389777131782945 0.08383296996124029 0.5087209302325582 0.01418665213178294 0.45270106589147285
0 0.945327640503876 0.010598352713178294 0.8953639777131783 0.018168604651162792 0.8999061288759689 0.09387112403100775 0.9952913032945736 0.09992732558139535 0.9907491521317828 0.004542151162790698
0 0.4396348110465116 0.8675508720930233 0.41541000484496127 0.9402252906976744 0.3654463420542635 0.9356831395348837 0.3926992490310077 0.8524103682170543
