1 0.7954366521317828 0.555656492248062 0.7515291908914727 0.6692102713178294 0.6334332606589147 0.6253028100775193 0.6727985707364341 0.5193192829457364
1 0.7348746366279069 0.6858648255813953 0.7015655281007752 0.7827640503875969 0.5350199854651163 0.6707243217054263 0.5789274467054263 0.646499515503876
0 0.9952913032945736 0.525375484496124 0.9544119428294573 0.49055232558139533 0.9059623304263567 0.5844234496124031 0.998046875 0.634765625 0.998046875 0.525390625
0 0.9317011870155039 0.7373425387596899 0.9241309350775193 0.8024467054263565 0.8480795874384235 0.7783636083743841 0.8548145012315269 0.7235221674876846
1 0.8030069040697674 0.7691375968992248 0.7727258963178294 0.811531007751938 0.7333605862403101 0.7979045542635659 0.778782097868217 0.7282582364341085
1 0.253406613372093 0.48146802325581395 0.2579487645348837 0.5647407945736433 0.17164789244186046 0.5526283914728682 0.18678839631782945 0.46027131782945735
1 0.704593628875969 0.14383478682170542 0.6803688226744186 0.29523982558139533 0.5970960513565892 0.28615552325581395 0.6379754118217054 0.13475048449612403
1 0.9771226986434107 0.2619307170542636 0.9952913032945736 0.2679869186046512 0.9952913032945736 0.3997093023255814 0.9347292877906976 0.3694282945736434
1 0.9483557412790697 0.10598352713178294 0.8999061288759689 0.19379844961240308 0.8317738614341086 0.1695736434108527 0.8802234738372092 0.08630087209302326
1 0.5668150436046512 0.28615552325581395 0.5062530281007752 0.3527737403100775 0.45931746608527124 0.3043241279069767 0.5229075823643411 0.2028827519379845
1 0.40481165213178294 0.48146802325581395 0.3654463420542635 0.5299176356589147 0.2973140746124031 0.48298207364341084 0.33213723352713176 0.44058866279069764
