0 0.24349599753694573 0.13854679802955663 0.29737530788177335 0.14720597290640391 0.3098830049261083 0.002886391625615763 0.3098830049261083 0.002886391625615763 0.2454202586206896 0.0019242610837438422
0 0.24253386699507384 0.14431958128078817 0.2261776477832511 0.29537407635467977 0.28775400246305416 0.3088439039408867 0.3041102216748768 0.15009236453201968
0 0.19442733990147776 0.33963208128078815 0.18673029556650245 0.4887623152709359 0.2531173029556649 0.49645935960591125 0.26177647783251223 0.3482912561576354
0 0.1819196428571428 0.4945350985221674 0.17422259852216743 0.6552108990147782 0.2377232142857142 0.6629079433497536 0.2540794334975369 0.499345751231527
0 0.31661791871921174 0.6407789408866994 0.313731527093596 0.7225600369458127 0.4532404556650246 0.7360298645320196 0.4618996305418718 0.6504002463054186
1 0.77651631773399 0.6042179802955664 0.8429033251231526 0.6138392857142856 0.8544488916256157 0.462784790640394 0.7909482758620687 0.45412561576354676
1 0.7794027093596059 0.6071043719211822 0.7697814039408866 0.7687423029556649 0.837130541871921 0.7725908251231526 0.8477139778325122 0.6128771551724137
0 0.5003848522167487 0.7475754310344827 0.654325738916256 0.7543103448275861 0.6572121305418718 0.6715671182266009 0.5042333743842363 0.658097290640394
0 0.5927493842364531 0.3665717364532019 0.5898629926108373 0.44546644088669946 0.7312961822660098 0.4570120073891625 0.739955357142857 0.3800415640394088
0 0.30699661330049255 0.3454048645320197 0.30507235221674867 0.4242995689655172 0.44650554187192104 0.4377693965517241 0.45612684729064035 0.35887469211822653
0 0.3483682266009851 0.2145551108374384 0.3397090517241379 0.29537407635467977 0.46382389162561566 0.3088439039408867 0.46671028325123143 0.22513854679802953
0 0.6014085591133004 0.2145551108374384 0.6649091748768472 0.2232142857142857 0.6591363916256157 0.3425184729064039 0.594673645320197 0.33289716748768466
0 0.6119919950738915 0.08659174876847289 0.6697198275862067 0.09332666256157635 0.6812653940886699 0.0009621305418719211 0.6158405172413792 0.0019242610837438422
0 0.6100677339901477 0.08562961822660098 0.6042949507389161 0.2145551108374384 0.667795566502463 0.21359298029556648 0.6764547413793103 0.0962130541871921
0 0.9362299876847289 0.182804802955665 0.9708666871921181 0.2241764162561576 0.998046875 0.20703125 0.9978063423645318 0.14047105911330046
