1 0.05658006298449614 0.11506782945736434 0.09745942344961239 0.14080668604651161 0.038411458333333315 0.2180232558139535 0.005102349806201556 0.1710876937984496
0 0.17316194282945735 0.45421511627906974 0.1398528343023256 0.525375484496124 0.03538335755813954 0.47995397286821706 0.08837512112403101 0.40273740310077516
0 0.04900981104651164 0.8705789728682171 0.0 0.849609375 0.0 0.92578125 0.026299055232558155 0.9417393410852712
1 0.8363160125968991 0.3467175387596899 0.8332879118217054 0.48298207364341084 0.7712118459302326 0.47238372093023256 0.7636415939922481 0.3558018410852713
1 0.7545572916666667 0.360343992248062 0.7485279402709358 0.4493149630541871 0.7042699353448275 0.4570120073891625 0.6970233769379844 0.3648861434108527
1 0.8650829699612403 0.6994912790697674 0.8696251211240309 0.811531007751938 0.8060350048449612 0.8009326550387597 0.8060350048449612 0.6994912790697674
1 0.8877937257751938 0.1620033914728682 0.8378300629844961 0.2134811046511628 0.7833242490310077 0.1741157945736434 0.8484284156976745 0.12415213178294573
0 0.5183654312015503 0.9129723837209303 0.47445796996124034 0.991703003875969 0.3548479893410853 0.8842054263565892 0.3851289970930233 0.856952519379845 0.45628936531007747 0.9175145348837209 0.47142986918604646 0.8781492248062015
1 0.22161155523255816 0.8251574612403101 0.23372395833333337 0.9356831395348837 0.16710574127906974 0.9432533914728682 0.14893713662790697 0.8175872093023255
1 0.3124545784883721 0.43150436046511625 0.37301659399224807 0.49055232558139533 0.3427355862403101 0.5087209302325582 0.32153888081395343 0.49660852713178294 0.2821735707364341 0.5072068798449613 0.25037851259689925 0.47541182170542634 0.2973140746124031 0.42242005813953487
1 0.7061941964285713 0.47336822660098515 0.7533385929802955 0.47336822660098515 0.7533385929802955 0.53590671182266 0.7061941964285713 0.53590671182266
