1 0.9619821947674418 0.646499515503876 0.9604681443798448 0.720687984496124 0.8650829699612403 0.7373425387596899 0.8499424660852712 0.6586119186046512
1 0.9952913032945736 0.841812015503876 0.9271590358527131 0.8842054263565892 0.9544119428294573 0.946281492248062 0.998046875 0.9296875 0.998046875 0.83984375 0.998046875 0.83984375
1 0.8787094234496124 0.32854893410852715 0.9377573885658914 0.47541182170542634 0.8605408187984496 0.4996366279069767 0.824203609496124 0.47692587209302323 0.7969507025193798 0.40122335271317827 0.8136052567829457 0.3815406976744186 0.8060350048449612 0.3391472868217054
1 0.8181474079457365 0.14080668604651161 0.7954366521317828 0.23770591085271317 0.7257903343023255 0.2286216085271318 0.7636415939922481 0.13323643410852712
1 0.509281128875969 0.1847141472868217 0.4547753149224806 0.28161337209302323 0.3851289970930233 0.25587451550387597 0.4244943071705426 0.16503149224806202 0.5047389777131783 0.14383478682170542
1 0.19738674903100772 0.11506782945736434 0.27460331879844957 0.1741157945736434 0.23372395833333337 0.1983406007751938 0.17921814437984496 0.1695736434108527
1 0.750015140503876 0.04844961240310077 0.7575853924418605 0.12415213178294573 0.6818828730620154 0.15443313953488372 0.6622002180232558 0.07418846899224806
1 0.3715025436046512 0.01665455426356589 0.28974382267441856 0.06207606589147287 0.253406613372093 0.018168604651162792 0.2700611676356589 0.001514050387596899 0.3684744428294573 0.001514050387596899
1 0.17316194282945735 0.12566618217054262 0.17164789244186046 0.14989098837209303 0.1247123304263566 0.14383478682170542 0.1247123304263566 0.11960998062015503 0.15802143895348836 0.11960998062015503
1 0.059608163759689914 0.13475048449612403 0.041439559108527146 0.1695736434108527 0.006616400193798444 0.1514050387596899 0.01872880329457366 0.13172238372093023
1 0.08080486918604651 0.07267441860465117 0.0762627180232558 0.10598352713178294 0.042953609496124034 0.09689922480620154 0.04900981104651164 0.07116036821705427
0 0.9832877924876846 0.04714439655172413 0.998046875 0.04714439655172413 0.998046875 0.11328125 0.9832877924876846 0.11328125
0 0.9813635314039408 0.12603910098522167 0.998046875 0.12603910098522167 0.998046875 0.189453125 0.9813635314039408 0.189453125
0 0.9842499230295565 0.0009621305418719211 0.998046875 0.0009621305418719211 0.998046875 0.02734375 0.9842499230295565 0.02734375
