1 0.3515625 0.21784855769230768 0.42142427884615385 0.3560697115384615 0.48377403846153844 0.32527043269230765 0.4131610576923077 0.1893028846153846
1 0.7737379807692307 0.6648137019230769 0.7181490384615384 0.6265024038461539 0.6956129807692307 0.6475360576923077 0.6790865384615384 0.6370192307692307 0.6310096153846153 0.68359375 0.7046274038461539 0.7527043269230769 0.7181490384615384 0.7369290865384616 0.7113882211538461 0.7286658653846153
0 0.7046274038461539 0.5881911057692307 0.7850060096153846 0.6317608173076923 0.8413461538461537 0.5145733173076923 0.7602163461538461 0.4732572115384615
0 0.8541165865384615 0.6580528846153846 0.8428485576923077 0.72265625 0.8946814903846154 0.7369290865384616 0.8864182692307692 0.7752403846153846 0.9630408653846154 0.7917668269230769 0.9773137019230769 0.6843449519230769
0 0.044320913461538464 0.6002103365384616 0.09540264423076922 0.663311298076923 0.18103966346153844 0.595703125 0.14948918269230765 0.5618990384615384 0.15625 0.5408653846153846 0.11042668269230771 0.48152043269230765 0.0390625 0.536358173076923 0.06610576923076922 0.575420673076923
0 0.2877103365384615 0.7669771634615384 0.21484375 0.6798377403846153 0.15850360576923078 0.72265625 0.22761418269230765 0.8173076923076923
1 0.2561598557692308 0.8451021634615384 0.33353365384615385 0.9247295673076923 0.36583533653846156 0.8871694711538461 0.36959134615384615 0.8541165865384616 0.3004807692307692 0.7917668269230769
0 0.380108173076923 0.9968449519230769 0.34029447115384615 0.9487680288461539 0.3778545673076923 0.9164663461538461 0.3748497596153846 0.908203125 0.4071514423076923 0.8856670673076923 0.44095552884615385 0.926983173076923 0.43043870192307687 0.9397536057692307 0.4552283653846154 0.9682992788461539 0.419921875 0.998046875
0 0.0022536057692307543 0.721905048076923 0.02629206730769229 0.7339242788461539 0.01953125 0.7489483173076923 0.05859375 0.7722355769230769 0.03230168269230768 0.8278245192307692 0.0030048076923076816 0.8165564903846153
0 0.2118389423076923 0.986328125 0.2659254807692308 0.9532752403846153 0.298828125 0.998046875 0.22265625 0.998046875
