0 0.7084936884236452 0.0038485221674876844 0.8172144396551723 0.17222136699507387 0.9961707204433496 0.06157635467980295 0.9528748460591132 0.006734913793103448
1 0.7056072967980295 0.12988762315270935 0.8624345751231526 0.2693965517241379 0.6998345135467979 0.39543565270935954 0.5497421490147782 0.24341902709359603
0 0.5420451046798028 0.852447660098522 0.6421066810344827 0.9909944581280787 0.5584013238916256 0.9919565886699506 0.4872036637931034 0.8928571428571428
1 0.5632119766009851 0.8572583128078817 0.6546143780788176 0.7976062192118225 0.711380080049261 0.8822737068965516 0.638258158866995 0.9351908866995072 0.6488415948275861 0.9534713669950737 0.6315232450738916 0.962130541871921
1 0.6911753386699506 0.7581588669950738 0.7633351293103448 0.8668796182266009 0.8884120997536945 0.7956819581280787 0.9028440578817734 0.8178109605911329 0.9432535406403939 0.7947198275862069 0.893222752463054 0.7148629926108373 0.7979718288177339 0.7764393472906403 0.7527516933497536 0.7110144704433496
0 0.8480026169950737 0.9120997536945812 0.9519127155172413 0.8495612684729063 0.9961707204433496 0.914986145320197 0.8836014470443349 0.9775246305418718
1 0.48624153325123143 0.34059421182266003 0.5170297105911329 0.378117302955665 0.43909713669950734 0.4291102216748768 0.4256273091133004 0.4012084359605911 0.4439077894088669 0.3887007389162561 0.43043796182266003 0.3704202586206896
1 0.28034559729064035 0.17895628078817732 0.33999769088669946 0.15009236453201968 0.369823737684729 0.19819889162561574 0.309209513546798 0.22994919950738912
1 0.31786868842364524 0.2309113300492611 0.3746343903940886 0.19723676108374383 0.39580126231527085 0.24149476600985234 0.33037638546798026 0.2780557266009854
1 0.39291487068965514 0.33963208128078815 0.44679418103448265 0.30788177339901474 0.4621882697044334 0.3434806034482758 0.4044604371921182 0.3790794334975369 0.39291487068965514 0.36945812807881767 0.40927108990147776 0.3598368226600985
1 0.382331434729064 0.1327740147783251 0.4631504002463054 0.20878232758620688 0.5093326662561576 0.17895628078817732 0.4114317602040817 0.10391422193877552
1 0.4140817426108374 0.10102370689655171 0.43717287561576346 0.07793257389162561 0.5266510160098521 0.1327740147783251 0.4997113608374384 0.1635621921182266
1 0.43813500615763545 0.073121921182266 0.4718095751231527 0.04714439655172413 0.4841757015306123 0.051100127551020405 0.5670604987684729 0.1048722290640394 0.5449314963054186 0.12507697044334973 0.540120843596059 0.14431958128078817
1 0.49490070812807874 0.051955049261083734 0.5439693657635467 0.01635621921182266 0.6161291564039408 0.07408405172413793 0.5718711514778324 0.1144935344827586
1 0.3284521243842364 0.27228294334975367 0.40253617610837433 0.24245689655172412 0.4265894396551724 0.27997998768472904 0.3592403017241379 0.31654094827586204
0 0.07060113916256155 0.2232142857142857 0.1494958435960591 0.17510775862068964 0.12351831896551721 0.13084975369458127 0.04654787561576354 0.17991841133004924
0 0.02057035098522167 0.6071043719211822 0.04847213669950737 0.572467672413793 0.001327740147783238 0.5445658866995073 0.0022898706896551657 0.6051801108374384
0 0.012873306650246288 0.4935729679802955 0.07733605295566501 0.5378309729064039 0.05424491995073891 0.5695812807881773 0.005176262315270921 0.5445658866995073 0.01479756773399013 0.5301339285714285 0.0032520012315270796 0.5233990147783251
0 0.07541179187192115 0.5310960591133004 0.09989265267175572 0.5002087309160305 0.04547352099236641 0.45548067748091603 0.020127624045801526 0.4912631202290076
0 0.048455391221374045 0.4532442748091603 0.07007395038167939 0.42640744274809156 0.12544258004926107 0.462784790640394 0.10619996921182265 0.49645935960591125
0 0.06709208015267175 0.41597089694656486 0.08721970419847327 0.3839157919847328 0.1552686268472906 0.4204510467980295 0.13025323275862066 0.45893626847290636
0 0.1456473214285714 0.3040332512315271 0.2057490458015267 0.2653864503816794 0.223579895320197 0.3021089901477832 0.1639278017241379 0.33482142857142855
1 0.18028402093596058 0.3386699507389162 0.23897398399014774 0.3088439039408867 0.2631500477099237 0.3376968034351145 0.20433728448275856 0.3684959975369458
1 0.20433728448275856 0.36945812807881767 0.26687576970443344 0.3434806034482758 0.28996690270935954 0.3733066502463054 0.22550415640394084 0.4079433497536945
0 0.2197313731527093 0.41275400246305416 0.23993611453201968 0.45027709359605905 0.3015124692118226 0.4117918719211822 0.2861183805418719 0.37619304187192115
1 0.07348753078817732 0.8235837438423644 0.11678340517241376 0.8928571428571428 0.16681419334975367 0.8562961822660098 0.11197275246305416 0.7764393472906403 0.08022244458128078 0.7947198275862069 0.09176801108374383 0.8101139162561576
1 0.047510006157635454 0.7187115147783251 0.005176262315270921 0.75623460591133 0.03692657019704432 0.7956819581280787 0.08888161945812806 0.7552724753694581
0 0.14853371305418717 0.9101754926108373 0.2553302032019704 0.8351293103448275 0.2784213362068965 0.878425184729064 0.1639278017241379 0.950584975369458
0 0.09392891221374046 0.38167938931297707 0.15356631679389313 0.42193463740458015 0.1774212786259542 0.3891340648854962 0.11852934160305344 0.3444060114503817
0 0.04323711832061068 0.6165016698473282 0.06485567748091603 0.5784828244274809 0.12896588740458015 0.6224654103053435 0.09989265267175572 0.658993320610687
0 0.07529222328244274 0.5762464217557252 0.1252385496183206 0.6142652671755725 0.16325739503816794 0.5732645515267175 0.10361999045801526 0.5307729007633588
0 0.1073473282442748 0.5225727576335878 0.16400286259541985 0.5665553435114503 0.19233062977099236 0.5255546278625954 0.13642056297709923 0.4875357824427481
0 0.13642056297709923 0.480081106870229 0.1699666030534351 0.43982585877862596 0.23034947519083968 0.47784470419847325 0.19680343511450382 0.521081822519084
1 0.017145753816793893 0.09691078244274809 0.06411020992366412 0.16400286259541985 0.12822041984732824 0.12672948473282442 0.07380128816793893 0.06560114503816794
0 0.0 0.23034947519083968 0.055910066793893126 0.2676228530534351 0.08647423664122136 0.21916746183206107 0.02310949427480916 0.18040314885496184
0 0.0 0.23854961832061067 0.052928196564885496 0.268368320610687 0.0037273377862595417 0.3399332061068702
