1 0.04630734298029554 0.18953971674876846 0.14444465825123148 0.18953971674876846 0.14444465825123148 0.33963208128078815 0.04630734298029554 0.33963208128078815
1 0.16977755541871914 0.14239532019704432 0.2878021089901477 0.14239532019704432 0.2878021089901477 0.26362376847290636 0.16977755541871914 0.26362376847290636
1 0.2804225677339901 0.13662253694581278 0.42346251539408863 0.13662253694581278 0.42346251539408863 0.2693965517241379 0.2804225677339901 0.2693965517241379
1 0.3824084051724137 0.2472675492610837 0.46579625923645307 0.2472675492610837 0.46579625923645307 0.3482912561576354 0.3824084051724137 0.3482912561576354
0 0.23969558189655166 0.3088439039408867 0.3294912253694581 0.3088439039408867 0.3294912253694581 0.40409482758620685 0.23969558189655166 0.40409482758620685
0 0.09761776477832507 0.3935113916256157 0.19383081896551718 0.3935113916256157 0.19383081896551718 0.47529248768472904 0.09761776477832507 0.47529248768472904
1 0.8169739070197044 0.7148629926108373 0.9212015086206895 0.7148629926108373 0.9212015086206895 0.8149245689655172 0.8169739070197044 0.8149245689655172
1 0.9173529864532017 0.755859375 0.998046875 0.755859375 0.998046875 0.8437884852216748 0.9173529864532017 0.8437884852216748
1 0.6373729987684728 0.6388546798029556 0.7509044027093594 0.6388546798029556 0.7509044027093594 0.743726908866995 0.6373729987684728 0.743726908866995
1 0.23392279864532012 0.6148014162561576 0.3622036637931034 0.6148014162561576 0.3622036637931034 0.7341056034482758 0.23392279864532012 0.7341056034482758
0 0.058815040024630505 0.48298953201970435 0.13386122229064035 0.48298953201970435 0.13386122229064035 0.5580357142857142 0.058815040024630505 0.5580357142857142
1 0.4459090209359605 0.8832358374384235 0.5398803109605911 0.8832358374384235 0.5398803109605911 0.9659790640394087 0.4459090209359605 0.9659790640394087
0 0.4112723214285714 0.7783636083743841 0.5244862222906403 0.7783636083743841 0.5244862222906403 0.8765009236453201 0.4112723214285714 0.8765009236453201
0 0.7191540948275861 0.9130618842364531 0.828125 0.9130618842364531 0.828125 0.998046875 0.7191540948275861 0.998046875
1 0.4811903479064038 0.44546644088669946 0.5764412715517241 0.44546644088669946 0.5764412715517241 0.5416794950738916 0.4811903479064038 0.5416794950738916
0 0.7624499692118225 0.002886391625615763 0.9458993996305418 0.002886391625615763 0.9458993996305418 0.09332666256157635 0.7624499692118225 0.09332666256157635
0 0.5392356834975368 0.5262854064039408 0.6633505233990147 0.5262854064039408 0.6633505233990147 0.6427032019704433 0.5392356834975368 0.6427032019704433
0 0.17170181650246302 0.43584513546798026 0.23616456280788173 0.43584513546798026 0.23616456280788173 0.5012700123152709 0.17170181650246302 0.5012700123152709
