1 0.6637142684108527 0.5571705426356589 0.6682564195736433 0.6570978682170543 0.5653009932170543 0.6449854651162791 0.5728712451550387 0.5662548449612403
1 0.46991581879844957 0.5647407945736433 0.47597202034883723 0.6782945736434108 0.3866430474806202 0.6722383720930233 0.3669603924418604 0.5692829457364341
1 0.2428082606589147 0.5329457364341085 0.21101320251937983 0.6116763565891473 0.12168422965116277 0.5904796511627907 0.14590903585271314 0.5132630813953488
0 0.5501604893410853 0.5450581395348837 0.5577307412790697 0.6404433139534883 0.4926265746124031 0.6495276162790697 0.4835422722868217 0.5601986434108527
1 0.5335059350775193 0.01665455426356589 0.5289637839147286 0.09689922480620154 0.3926992490310077 0.09689922480620154 0.3957273498062015 0.010598352713178294
1 0.1171420784883721 0.007570251937984496 0.13076853197674415 0.11355377906976744 0.05052386143410853 0.11658187984496124 0.038411458333333315 0.004542151162790698
0 0.16861979166666663 0.6692102713178294 0.18678839631782945 0.7721656976744186 0.09443132267441862 0.7857921511627907 0.08837512112403101 0.690406976744186
0 0.17921814437984496 0.8221293604651163 0.19133054748062012 0.8766351744186046 0.14590903585271314 0.8902616279069767 0.1398528343023256 0.826671511627907
1 0.23616456280788173 0.1818426724137931 0.2438616071428571 0.23860837438423643 0.28330895935960587 0.24053263546798026 0.2698391317733989 0.20012315270935957 0.27464978448275856 0.17895628078817732
1 0.03796567118226596 0.7167872536945812 0.0014047105911329794 0.7177493842364531 0.004291102216748749 0.7879849137931033 0.05624615147783246 0.7841363916256157
