0 0.07520974445812806 0.1741456280788177 0.03672452278325122 0.23572198275862066 0.11754348830049258 0.2838285098522167 0.09830087746305416 0.3136545566502463 0.24165832820197042 0.40890548029556645 0.2609009390394088 0.37715517241379304 0.3022725523399014 0.4050569581280788 0.3417199045566502 0.3502155172413793
0 0.03864878386699505 0.4425800492610837 0.20413523706896547 0.5532250615763546 0.17238492918719206 0.6042179802955664 0.006898475985221669 0.4935729679802955
0 0.392712823275862 0.3848522167487684 0.36096251539408863 0.43680726600985215 0.6236241533251231 0.6109528940886699 0.661147244458128 0.5541871921182265
0 0.5581992764778324 0.11930418719211822 0.45044065578817727 0.29152555418719206 0.49662292179802947 0.3242379926108374 0.538956665640394 0.2578509852216748 0.5562750153940886 0.27035868226600984 0.5889874538177339 0.23091133004926107 0.5678205818965516 0.21744150246305416 0.6091921951970443 0.15490301724137928
0 0.7005945966748768 0.21359298029556648 0.7515875153940885 0.24341902709359603 0.6390182419950738 0.4166025246305418 0.5889874538177339 0.38196582512315264 0.6274726754926108 0.3252001231527093 0.61207858682266 0.31269242610837433 0.6390182419950738 0.2655480295566502 0.661147244458128 0.2780557266009852
0 0.7785271705665023 0.6301955049261083 0.8285579587438422 0.6590594211822659 0.7900727370689654 0.7206357758620688 0.8035425646551723 0.7321813423645319 0.7794893011083742 0.7764393472906403 0.7650573429802955 0.7648937807881773 0.7284963823891625 0.815886699507389 0.6775034636699506 0.7918334359605911
0 0.9007177493842364 0.7023552955665023 0.8670431804187191 0.7687423029556649 0.8458763084975368 0.7543103448275861 0.8208609144088669 0.792795566502463 0.8391413947044334 0.8024168719211822 0.7996940424876846 0.8639932266009851 0.8468384390394087 0.8938192733990147 0.9440136237684729 0.73121921182266
0 0.4283116533251231 0.7552724753694581 0.4850773552955664 0.7735529556650246 0.4311980449507389 0.9534713669950737 0.37250808189655166 0.939039408866995
0 0.6303590671182265 0.8639932266009851 0.6784655942118225 0.8909328817733989 0.6380561114532018 0.9573198891625615 0.6572987222906403 0.9669411945812807 0.634765625 0.998046875 0.6178513700738916 0.9900323275862067 0.61328125 0.998046875 0.5485779710591132 0.9948429802955664
0 0.003049953817733972 0.14816810344827586 0.056929264162561555 0.1876154556650246 0.0011256927339901301 0.28479064039408863
0 0.9844231065270934 0.028863916256157633 0.9680668873152709 0.06638700738916255 0.9372787099753694 0.06831126847290639 0.9132254464285714 0.10583435960591132 0.9401651016009851 0.11160714285714285 0.8882100523399012 0.18472906403940884 0.9430514932266008 0.21840363300492607 0.9969308035714284 0.12219057881773397 0.998046875 0.06640625 0.9978929341133003 0.027901785714285712
