0 0.7865084134615384 0.8811598557692307 0.8315805288461539 0.9532752403846153 0.857872596153846 0.9592848557692307 0.91796875 0.917217548076923 0.8608774038461537 0.8315805288461539
0 0.8991887019230769 0.8556189903846153 0.9202223557692308 0.8954326923076923 0.9367487980769231 0.8901742788461539 0.9562800480769231 0.9209735576923077 0.998046875 0.900390625 0.998046875 0.8359375 0.9758112980769231 0.800030048076923
0 0.7872596153846153 0.07286658653846154 0.80078125 0.16826923076923075 0.8721454326923077 0.15775240384615383 0.859375 0.06009615384615384
1 0.42142427884615385 0.16902043269230768 0.498046875 0.17728365384615383 0.5085637019230769 0.10366586538461538 0.45372596153846156 0.09990985576923077 0.4319411057692307 0.107421875
1 0.31775841346153844 0.7872596153846153 0.400390625 0.819561298076923 0.4266826923076923 0.7542067307692307 0.34254807692307687 0.7234074519230769
1 0.5889423076923077 0.2185997596153846 0.5926983173076923 0.3102463942307692 0.721905048076923 0.31550480769230765 0.7151442307692307 0.25540865384615385 0.6527944711538461 0.22085336538461536
0 0.6017127403846153 0.1337139423076923 0.6768329326923077 0.12995793269230768 0.6715745192307692 0.017277644230769232 0.6017127403846153 0.022536057692307692
0 0.5836838942307692 0.7827524038461539 0.7166466346153846 0.7820012019230769 0.7173978365384615 0.673076923076923 0.6204927884615384 0.6715745192307692 0.6204927884615384 0.7076322115384616 0.594951923076923 0.7106370192307692 0.5942007211538461 0.7421875 0.5791766826923077 0.7444411057692307
1 0.33353365384615385 0.95703125 0.35682091346153844 0.8766526442307692 0.26517427884615385 0.8511117788461539 0.23737980769230765 0.9224759615384615 0.2756911057692307 0.9322415865384615 0.2741887019230769 0.9502704326923077
0 0.10141225961538458 0.9164663461538461 0.166015625 0.9435096153846153 0.20057091346153844 0.868389423076923 0.13822115384615385 0.8435997596153846 0.12394831730769229 0.8721454326923077 0.11343149038461536 0.868389423076923 0.10441706730769229 0.8856670673076923 0.11418269230769229 0.8916766826923077
0 0.14047475961538458 0.7346754807692307 0.19681490384615385 0.7587139423076923 0.24338942307692307 0.6715745192307692 0.18404447115384615 0.6452824519230769
0 0.2974759615384615 0.2809495192307692 0.302734375 0.2283653846153846 0.36658653846153844 0.23061899038461536 0.35907451923076916 0.28470552884615385
0 0.01577524038461539 0.9930889423076923 0.03831129807692307 0.9690504807692307 0.054086538461538464 0.9780649038461539 0.07211538461538461 0.9382512019230769 0.09765625 0.9547776442307692 0.099609375 0.998046875 0.017578125 0.998046875
0 0.916466346153846 0.003004807692307692 0.9119591346153846 0.05033052884615385 0.9923377403846154 0.052584134615384616 0.9968449519230769 0.005258413461538461
1 0.5205829326923077 0.4221754807692308 0.5746694711538461 0.4957932692307692 0.643780048076923 0.45222355769230765 0.5881911057692307 0.37259615384615385
0 0.8986203048029555 0.9400015394088669 0.9265220905172413 0.9400015394088669 0.9265220905172413 0.9669411945812807 0.8986203048029555 0.9669411945812807
0 0.4069715979064039 0.01924261083743842 0.43102486145320185 0.01924261083743842 0.43102486145320185 0.043295874384236446 0.4069715979064039 0.043295874384236446
0 0.18375731219211816 0.8178109605911329 0.2328259698275862 0.8178109605911329 0.2328259698275862 0.8611068349753693 0.18375731219211816 0.8611068349753693
