0 0.09849191542288549 0.0009717039800995024 0.09557680348258699 0.029151119402985072 0.21120957711442778 0.042754975124378106 0.21218128109452727 0.002915111940298507
1 0.07905783582089551 0.03303793532338308 0.074199315920398 0.1272932213930348 0.2014925373134328 0.13895366915422883 0.21023787313432835 0.046641791044776115
1 0.06156716417910446 0.14478389303482586 0.05379353233830844 0.21474657960199003 0.17817164179104472 0.22543532338308456 0.1898320895522388 0.1574160447761194
1 0.06642568407960198 0.25361473880597013 0.05962375621890545 0.30414334577114427 0.17039800995024873 0.31871890547263676 0.17914334577114427 0.27207711442786064
0 0.25396455223880593 0.009717039800995024 0.23550217661691536 0.10688743781094526 0.37154073383084574 0.1234064054726368 0.38417288557213924 0.030122823383084574
0 0.25396455223880593 0.11854788557213929 0.2452192164179104 0.17587842039800994 0.3151819029850746 0.18656716417910446 0.30740827114427854 0.22737873134328357 0.35405006218905466 0.23223725124378106 0.3657105099502487 0.13992537313432835
0 0.22384172885572134 0.21960509950248755 0.20635105721393032 0.3196906094527363 0.26270988805970147 0.3196906094527363 0.26076648009950243 0.34301150497512434 0.3287857587064676 0.34592661691542287 0.34238961442786064 0.2516713308457711 0.31129508706467657 0.2458411069651741 0.31323849502487555 0.23223725124378106
1 0.020755597014925353 0.4450404228855721 0.11403917910447758 0.4586442786069651 0.08877487562189051 0.5849657960199004 0.002293221393034811 0.5723336442786069
1 0.09557680348258704 0.5869092039800994 0.1946906094527363 0.613145211442786 0.22287002487562185 0.4839085820895522 0.12764303482587064 0.47127643034825867
0 0.24619092039800988 0.4936256218905472 0.3336442786069652 0.5043143656716418 0.31323849502487555 0.599541355721393 0.22870024875621886 0.5810789800995024
1 0.34627643034825867 0.4984841417910447 0.5046641791044776 0.5179182213930348 0.48328669154228854 0.6763059701492536 0.3219838308457711 0.6520133706467661
0 0.5211831467661691 0.5082011815920398 0.6679104477611939 0.5227767412935322 0.6640236318407959 0.6160603233830845 0.5697683457711442 0.60537157960199 0.5639381218905472 0.6792210820895521 0.5027207711442785 0.6743625621890547
1 0.681514303482587 0.5266635572139303 0.6630519278606964 0.6714474502487562 0.8194962686567163 0.6801927860696516 0.8175528606965173 0.6218905472636815 0.7903451492537312 0.6218905472636815 0.7990904850746268 0.5431825248756218 0.7553638059701492 0.5422108208955223 0.7573072139303482 0.5198616293532338 0.708722014925373 0.5159748134328358 0.708722014925373 0.5286069651741293
0 0.002293221393034811 0.8852223258706466 0.08488805970149252 0.9056281094527362 0.10043532338308456 0.824004975124378 0.08585976368159201 0.822061567164179 0.09460509950248755 0.7919387437810944 0.10626554726368156 0.7929104477611939 0.12084110696517411 0.7239194651741293 0.0353311567164179 0.6986551616915422 0.046991604477611915 0.6733908582089552 0.006180037313432835 0.6627021144278606
1 0.4910603233830845 0.20697294776119401 0.47842817164179097 0.3643889925373134 0.5687966417910447 0.3799362562189054 0.5872590174129353 0.21474657960199003
1 0.6552782960199004 0.23612406716417908 0.6329291044776119 0.3702192164179104 0.7747978855721392 0.38965329601990045 0.7961753731343283 0.2555581467661691
1 0.6776274875621889 0.210859763681592 0.8068641169154228 0.23709577114427857 0.8301850124378108 0.07967972636815919 0.7660525497512437 0.06996268656716417 0.7611940298507461 0.12923662935323382 0.697061567164179 0.11660447761194029
1 0.7884017412935322 0.047613495024875614 0.8457322761194028 0.05733053482587064 0.8525342039800994 0.004858519900497512 0.7942319651741292 0.0019434079601990048
1 0.7932602611940297 0.5091728855721392 0.90986473880597 0.4498989427860696 0.9973180970149254 0.5665034203980099 0.9788557213930347 0.5762204601990049 0.9895444651741292 0.60537157960199 0.9351290422885572 0.638409514925373 0.9254120024875621 0.6180037313432835 0.8700248756218905 0.636466106965174
1 0.8233830845771143 0.8638448383084576 0.8165811567164178 0.9114583333333333 0.8379586442786069 0.9211753731343283 0.81640625 0.998046875 0.9837142412935322 0.9969682835820894 0.998046875 0.908203125
0 0.9050062189054726 0.42463463930348255 0.9137515547263679 0.3750777363184079 0.9409592661691542 0.37702114427860695 0.9429026741293531 0.3148320895522388 0.9973180970149254 0.3167754975124378 0.9963463930348258 0.4897388059701492
1 0.5075792910447761 0.17976523631840793 0.5493625621890547 0.18365205223880596 0.5522776741293531 0.17101990049751242 0.6066930970149252 0.17879353233830844 0.6057213930348258 0.15935945273631838 0.6416744402985074 0.15935945273631838 0.6455612562189054 0.09911380597014924 0.6329291044776119 0.09814210199004975 0.6329291044776119 0.07190609452736317 0.5853156094527362 0.062189054726368154 0.5862873134328357 0.07384950248756218 0.5649098258706466 0.07384950248756218 0.5687966417910447 0.025264303482587062 0.5182680348258706 0.012632151741293531 0.5036924751243781 0.09328358208955223 0.5221548507462686 0.09911380597014924
0 0.9516480099502487 0.3148320895522388 0.9710820895522387 0.15158582089552236 0.998046875 0.15234375 0.998046875 0.31640625
