0 0.7241586538461539 0.4341947115384615 0.8128004807692307 0.507061298076923 0.8563701923076923 0.44921875 0.7880108173076923 0.39588341346153844 0.7722355769230769 0.4041466346153846 0.7534555288461539 0.3876201923076923
0 0.624248798076923 0.7496995192307692 0.7692307692307692 0.7489483173076923 0.7669771634615384 0.6490384615384616 0.6325120192307692 0.6505408653846153
0 0.8623798076923077 0.8112980769230769 0.9337439903846154 0.8158052884615384 0.9397536057692308 0.7594651442307692 0.8668870192307692 0.7557091346153846
0 0.8909254807692308 0.819561298076923 0.8901742788461537 0.8556189903846153 0.9390024038461537 0.8578725961538461 0.9382512019230769 0.8218149038461539
0 0.015024038461538464 0.6903545673076923 0.011268028846153827 0.6077223557692307 0.08563701923076922 0.5972055288461539 0.09465144230769229 0.6805889423076923
0 0.830078125 0.91796875 0.8285757211538461 0.9833233173076923 0.9427584134615383 0.9833233173076923 0.9412560096153846 0.9127103365384615
1 0.7001201923076923 0.7639723557692307 0.7008713942307692 0.8481069711538461 0.7977764423076923 0.8413461538461539 0.7985276442307692 0.7542067307692307 0.7436899038461539 0.7557091346153846
1 0.8683894230769231 0.5536358173076923 0.8353365384615383 0.6400240384615384 0.9427584134615383 0.6805889423076923 0.9713040865384615 0.5919471153846154
1 0.30123197115384615 0.8278245192307692 0.302734375 0.9405048076923077 0.3846153846153846 0.9359975961538461 0.3838641826923077 0.8188100961538461
1 0.034555288461538464 0.741436298076923 0.10291466346153844 0.7113882211538461 0.12770432692307693 0.7767427884615384 0.060847355769230754 0.8030348557692307
1 0.16902043269230765 0.9915865384615384 0.16826923076923078 0.9067007211538461 0.01652644230769229 0.9104567307692307 0.021784855769230754 0.9915865384615384
1 0.4026442307692307 0.8413461538461539 0.3973858173076923 0.9352463942307692 0.46424278846153844 0.9359975961538461 0.46875 0.8353365384615384
0 0.10366586538461536 0.2734375 0.13070913461538458 0.3703425480769231 0.030048076923076927 0.4048978365384615 0.005258413461538464 0.3094951923076923
0 0.18329326923076922 0.06009615384615384 0.20733173076923078 0.15775240384615383 0.12094350961538458 0.18028846153846154 0.11117788461538458 0.1404747596153846 0.12920673076923078 0.1337139423076923 0.11643629807692307 0.07737379807692307
0 0.6325120192307692 0.2922175480769231 0.6407752403846153 0.24939903846153846 0.7391826923076923 0.27493990384615385 0.7241586538461539 0.38236177884615385 0.6325120192307692 0.3658353365384615 0.6452824519230769 0.32376802884615385 0.625 0.32076322115384615
0 0.22801531711822653 0.8726524014778324 0.2857431496305418 0.8726524014778324 0.2857431496305418 0.9207589285714285 0.22801531711822653 0.9207589285714285
