0 0.6667423691860465 0.48752422480620156 0.7136779312015504 0.6192466085271318 0.6228349079457364 0.6570978682170543 0.5955820009689923 0.5586845930232558 0.6001241521317829 0.5329457364341085
1 0.24583636143410847 0.03482315891472868 0.27460331879844957 0.08175872093023255 0.15045118701550386 0.1514050387596899 0.11411397771317827 0.08781492248062016
1 0.913532582364341 0.5586845930232558 0.9377573885658914 0.646499515503876 0.8211755087209303 0.6722383720930233 0.7908945009689923 0.5935077519379844 0.8136052567829457 0.5844234496124031 0.8045209544573644 0.5374878875968992 0.8469143653100775 0.525375484496124 0.8787094234496124 0.5753391472868217
0 0.5229075823643411 0.5601986434108527 0.5456183381782945 0.6631540697674418 0.48657037306201545 0.6737524224806202 0.45931746608527124 0.5768531976744186
1 0.21706940406976738 0.6449854651162791 0.2412942102713178 0.7948764534883721 0.13833878391472865 0.8039607558139534 0.12017017926356588 0.6525557170542635
1 0.0959453730620155 0.12112403100775193 0.06415031492248063 0.1741157945736434 0.0020742490310077244 0.1635174418604651 0.0005601986434108364 0.08781492248062016
1 0.4244943071705426 0.036337209302325583 0.43055050872093026 0.06359011627906977 0.3821008963178294 0.06813226744186046 0.37604469476744184 0.040879360465116275
0 0.7196640240147782 0.6407789408866994 0.7562249846059113 0.6407789408866994 0.7562249846059113 0.6715671182266009 0.7196640240147782 0.6715671182266009
0 0.6571255387931033 0.40890548029556645 0.7081184575123152 0.40890548029556645 0.7081184575123152 0.4647090517241379 0.6571255387931033 0.4647090517241379
1 0.10390047721674875 0.5570735837438423 0.1664389624384236 0.5570735837438423 0.1664389624384236 0.5907481527093595 0.10390047721674875 0.5907481527093595
1 0.015384467364532 0.5647706280788176 0.048096905788177324 0.5647706280788176 0.048096905788177324 0.6109528940886699 0.015384467364532 0.6109528940886699
1 0.022119381157635454 0.6321197660098521 0.0615667333743842 0.6321197660098521 0.0615667333743842 0.6888854679802955 0.022119381157635454 0.6888854679802955
0 0.7523764624384235 0.8091517857142856 0.8380060806650245 0.8091517857142856 0.8380060806650245 0.8755387931034482 0.7523764624384235 0.8755387931034482
0 0.3819562038177339 0.5041564039408867 0.4194792949507389 0.5041564039408867 0.4194792949507389 0.584975369458128 0.3819562038177339 0.584975369458128
