0 0.22241571736453197 0.23475985221674875 0.31189385775862066 0.2963362068965517 0.356151862684729 0.23860837438423643 0.2676358528325123 0.1741456280788177
0 0.21375654248768466 0.27228294334975367 0.17911984298029554 0.31750307881773393 0.2695601139162561 0.3887007389162561 0.3186287715517241 0.3271243842364532 0.22722637007389157 0.2578509852216748
0 0.17238492918719206 0.33289716748768466 0.27148437499999994 0.4050569581280788 0.22722637007389157 0.4714439655172413 0.11946774938423643 0.39928417487684725
0 0.12042987992610835 0.4117918719211822 0.24454471982758624 0.49742149014778314 0.2002867149014778 0.5551493226600984 0.08386891933497534 0.46663331280788173
0 0.6351697198275861 0.16644858374384233 0.575517626231527 0.23957050492610835 0.61207858682266 0.27324507389162556 0.6707685498768472 0.2010852832512315
0 0.6803898552955664 0.20397167487684725 0.6236241533251231 0.26843442118226596 0.6524880695812807 0.29441194581280783 0.710215902093596 0.2289870689655172
0 0.7131022937192117 0.23860837438423643 0.7429283405172413 0.2626616379310345 0.685200508004926 0.32808651477832507 0.6563365917487683 0.30018472906403937
0 0.7477389932266009 0.2645858990147783 0.7804514316502462 0.292487684729064 0.7150265548029555 0.3550261699507389 0.6900111607142856 0.329048645320197
0 0.7785271705665023 0.2934498152709359 0.8150881311576353 0.3300107758620689 0.758322429187192 0.38870073891625606 0.7198372075123152 0.35598830049261077
1 0.8122017395320196 0.3338592980295566 0.8410656557881773 0.3559883004926108 0.7871863454433496 0.42237530788177335 0.7544739070197043 0.3935113916256157
1 0.843952047413793 0.3607989532019704 0.878588746921182 0.3944735221674877 0.8198987838669949 0.45604987684729065 0.7929591286945811 0.4329587438423645 0.7891106065270934 0.4223753078817733
1 0.892058574507389 0.4060190886699507 0.8381792641625615 0.4656711822660098 0.8833993996305418 0.5041564039408867 0.9382408405172413 0.4396936576354679
1 0.9392029710591132 0.4473907019704433 0.9690290178571428 0.4704818349753694 0.9113011853448274 0.5387931034482758 0.8785887469211822 0.5031942733990147
1 0.9699911483990147 0.47817887931034475 0.998046875 0.49609375 0.9469000153940885 0.5657327586206896 0.916111838054187 0.5330203201970443
1 0.9469000153940885 0.5561114532019704 0.9815367149014778 0.5945966748768472 0.998046875 0.568359375 0.9978929341133003 0.5060806650246304
1 0.514903402093596 0.2972983374384236 0.5581992764778324 0.3319350369458128 0.48796374692118216 0.4098676108374384 0.45044065578817727 0.3733066502463054
0 0.5572371459359605 0.3377078201970443 0.5899495843596059 0.37138238916256155 0.5216383158866994 0.4445043103448275 0.48796374692118216 0.41275400246305416
0 0.5909117149014778 0.37426878078817727 0.6197756311576353 0.39928417487684725 0.5533886237684729 0.47336822660098515 0.5245247075123152 0.4464285714285714
1 0.6197756311576353 0.40024630541871914 0.648639547413793 0.426223830049261 0.5851389316502462 0.5060806650246304 0.5485779710591132 0.4762546182266009
1 0.5861010621921181 0.5070427955665024 0.6159271089901477 0.5387931034482758 0.684238377463054 0.45893626847290636 0.648639547413793 0.4291102216748768
1 0.6832762469211822 0.4570120073891625 0.7198372075123152 0.4926108374384236 0.6496016779556649 0.5676570197044334 0.6188135006157635 0.5368688423645319
1 0.7159886853448275 0.4926108374384236 0.7602466902709358 0.524361145320197 0.6880868996305418 0.609028633004926 0.6534502001231526 0.5743919334975369
1 0.7737165178571428 0.5339824507389161 0.7323449045566501 0.5820889778325122 0.7005945966748767 0.6196120689655171 0.7438904710591132 0.6542487684729063 0.8160502616995072 0.5686191502463053
1 0.8160502616995072 0.5705434113300492 0.8487627001231526 0.6042179802955664 0.7756407789408866 0.6869612068965516 0.746776862684729 0.6504002463054186
1 0.8487627001231526 0.6109528940886699 0.8785887469211822 0.6350061576354679 0.8141260006157635 0.7110144704433496 0.7814135621921181 0.683112684729064
1 0.8814751385467978 0.6398168103448275 0.9113011853448274 0.6638700738916256 0.8478005695812807 0.7398783866995073 0.8160502616995072 0.7129387315270935
1 0.9122633158866993 0.6677185960591132 0.9469000153940885 0.7023552955665023 0.8814751385467978 0.7735529556650246 0.8506869612068965 0.7427647783251231
1 0.9459378848522166 0.7042795566502462 0.9622941040640394 0.7167872536945812 0.9690290178571428 0.7360298645320196 0.9007177493842364 0.804341133004926 0.8737780942118225 0.7745150862068965
1 0.9728775400246303 0.73121921182266 0.998046875 0.7578125 0.9334301878078817 0.8389778325123152 0.9007177493842364 0.8062653940886698
1 0.5120170104679802 0.6196120689655171 0.5822525400246304 0.6821505541871921 0.5120170104679802 0.7706665640394088 0.43216017549261077 0.7100523399014778
1 0.6274726754926108 0.7379541256157635 0.6823141163793103 0.7899091748768472 0.6072679341133004 0.8880464901477831 0.5293353602216748 0.8226216133004925 0.5899495843596059 0.7552724753694581 0.6072679341133004 0.766818041871921
1 0.684238377463054 0.8255080049261083 0.6998345135467979 0.8457127463054186 0.7410040794334974 0.8716902709359605 0.7275342518472906 0.8880464901477831 0.7621709513546797 0.914986145320197 0.7131022937192117 0.9823352832512314 0.6149649784482758 0.889008620689655 0.6467152863300492 0.853409790640394 0.6592229833743841 0.864955357142857
1 0.6900111607142856 0.6783020320197044 0.7419662099753693 0.7292949507389161 0.7689058651477831 0.7013931650246304 0.7092537715517241 0.645589593596059
0 0.8516490917487683 0.8582204433497536 0.9132254464285714 0.9226831896551723 0.855497613916256 0.9890701970443349 0.842989916871921 0.9784867610837438 0.83203125 0.998046875 0.7734375 0.998046875 0.7563981681034482 0.9842595443349752 0.7756407789408866 0.9563577586206895 0.759284559729064 0.9332666256157635 0.818936653325123 0.8668796182266009 0.83240648091133 0.878425184729064
1 0.07809613608374383 0.853409790640394 0.19258967056650245 0.7292949507389161 0.23107489224137928 0.7725908251231526 0.10984644396551721 0.8909328817733989
1 0.01844404248768472 0.7908713054187191 0.12331627155172414 0.6869612068965517 0.16661214593596058 0.7273706896551724 0.06943696120689657 0.8216594827586207
1 0.23877193657635465 0.7658559113300492 0.21183228140394084 0.8639932266009851 0.23396128386699505 0.8774630541871921 0.26186306958128075 0.902478448275862 0.19932458435960587 0.9784867610837438 0.228515625 0.998046875 0.26667372229064035 0.9938808497536945 0.3696216902709359 0.8755387931034482
0 0.48026670258620685 0.970731988916256 0.5216383158866995 0.994785252463054 0.5052820966748768 0.9995959051724136 0.4590998306650246 1.0015201662561575
0 0.9382408405172413 0.8360914408866994 0.9824988454433496 0.8765009236453201 0.9978929341133003 0.852447660098522 0.9950065424876846 0.7687423029556649
1 0.003049953817733972 0.6754156403940886 0.03576239224137928 0.6436653325123152 0.07232335283251229 0.6744535098522166 0.0915659636699507 0.6908097290640394 0.0011256927339901301 0.7754772167487683
0 -0.003511776477832518 0.04329587438423646 0.11386814963054184 0.13373614532019704 0.06191310036945813 0.2068580665024631 0.0012988762315270796 0.1674107142857143
1 -0.0007985683497536977 0.026006388546798043 0.13197544642857142 0.12029518165024644 0.17719558189655168 0.06256734913793102 0.09445235529556648 0.0058016471674876835 0.07328548337438423 -0.0028575277093596113 0.02902747844827583 -0.0028575277093596113
1 0.0 0.16796875 0.07617187499999997 0.21936576354679801 0.030951739532019684 0.28960129310344823 0.003049953817733972 0.2693965517241379
1 0.8891721828817734 0.8947814039408866 0.9353544488916254 0.9409636699507388 0.9805745843596059 0.8813115763546797 0.9305437961822658 0.839939963054187
1 0.37250808189655166 0.8745766625615763 0.46198622229064035 0.9534713669950737 0.4465921336206896 0.9727139778325122 0.4206146089901477 0.9611684113300492 0.369140625 0.998046875 0.3503790794334975 0.9823352832512314 0.33984375 0.998046875 0.26953125 0.998046875
