1 0.6849109738372092 0.14686288759689922 0.6637142684108527 0.22559350775193798 0.5683290939922481 0.2059108527131783 0.5834695978682171 0.13020833333333334
1 0.3987554505813953 0.26950096899224807 0.39118519864341084 0.38759689922480617 0.2579487645348837 0.3830547480620155 0.29277192344961234 0.24830426356589147
1 0.3275950823643411 0.6722383720930233 0.32002483042635654 0.796390503875969 0.24886446220930236 0.7979045542635659 0.24886446220930236 0.7252301356589147 0.268547117248062 0.7237160852713178 0.26703306686046513 0.6722383720930233
1 0.5001968265503876 0.8584665697674418 0.46991581879844957 0.9568798449612402 0.3821008963178294 0.9296269379844961 0.41843810562015504 0.8387839147286822
1 0.10957182655038761 0.8539244186046512 0.0898891715116279 0.946281492248062 0.06566436531007752 0.9402252906976744 0.0474957606589147 0.9477955426356589 0.017214752906976716 0.9326550387596899 0.03689740794573643 0.8327277131782945
0 0.5062530281007752 0.13626453488372092 0.48808442344961234 0.1998546511627907 0.41541000484496127 0.1786579457364341 0.4244943071705426 0.12718023255813954
0 0.11562802810077516 0.3648861434108527 0.16256359011627908 0.43756056201550386 0.1110858769379845 0.48752422480620156 0.053551962209302306 0.41787790697674415
0 0.3154826792635659 0.03330910852713178 0.3260810319767442 0.09538517441860465 0.2443223110465116 0.11809593023255814 0.23675205910852715 0.06661821705426356
0 0.28437500000000004 0.91875 0.271484375 0.998046875 0.1875 0.996875 0.1875 0.909375
1 0.08414793719211816 0.16067580049261082 0.18324738300492605 0.13854679802955663 0.16592903325123148 0.09717518472906403 0.14187576970443344 0.09236453201970442 0.12936807266009848 0.05387931034482758 0.06394319581280783 0.06061422413793103
1 0.5902286022167487 0.525323275862069 0.6008120381773397 0.5917102832512314 0.6989493534482758 0.5994073275862069 0.6797067426108373 0.5070427955665024
0 0.2443715363300492 0.0009621305418719211 0.30017510775862066 0.0009621305418719211 0.30017510775862066 0.027901785714285712 0.2443715363300492 0.027901785714285712
0 0.4377597752463054 0.33097290640394084 0.48009351908866993 0.33097290640394084 0.48009351908866993 0.378117302955665 0.4377597752463054 0.378117302955665
