1 0.5567908653846154 0.46499399038461536 0.6927584134615383 0.46499399038461536 0.6927584134615383 0.5799278846153846 0.5567908653846154 0.5799278846153846
0 0.04221754807692307 0.49549722906403937 0.14380003078817727 0.49549722906403937 0.14380003078817727 0.5972055288461539 0.04221754807692307 0.5972055288461539
0 0.3229555348258706 0.5093149038461539 0.43509615384615385 0.5093149038461539 0.43509615384615385 0.626749067164179 0.3229555348258706 0.626749067164179
1 0.4327580845771144 0.49549722906403937 0.5435941348522167 0.49549722906403937 0.5435941348522167 0.6704757462686567 0.4327580845771144 0.6704757462686567
0 0.2751597136699507 0.002253605769230769 0.39903846153846156 0.002253605769230769 0.39903846153846156 0.06831126847290639 0.2751597136699507 0.06831126847290639
0 0.501749067164179 0.8580146144278606 0.5979477611940298 0.8580146144278606 0.5979477611940298 0.9707322761194028 0.501749067164179 0.9707322761194028
0 0.14668642241379304 0.5330203201970443 0.1726639470443349 0.4522013546798029 0.3246805726600984 0.5031942733990147 0.2910060036945812 0.5984451970443349
0 0.2857431496305418 0.9457743226600984 0.344433112684729 0.9457743226600984 0.344433112684729 0.9919565886699506 0.2857431496305418 0.9919565886699506
1 0.08683146766169153 0.6257773631840795 0.1256996268656716 0.6257773631840795 0.1256996268656716 0.6529850746268656 0.08683146766169153 0.6529850746268656
1 0.3734841417910447 0.6656172263681591 0.4201259328358208 0.6656172263681591 0.4201259328358208 0.7005985696517412 0.3734841417910447 0.7005985696517412
