0 0.780296148255814 0.90141190046588 0.7764297259852215 0.9707897167487683 0.783164639778325 0.9823352832512314 0.6970233769379844 0.9846846717837094 0.7015655281007752 0.9089821524038645
0 0.689453125 0.735828488372093 0.7167060319767442 0.8251574612403101 0.6652283187984496 0.8554384689922481 0.6243489583333333 0.7539970930232558
1 0.23220990794573637 0.8357558139534883 0.25189256298449614 0.9175145348837209 0.3578760901162791 0.8842054263565892 0.33213723352713176 0.8054748062015503
1 0.7959885719775079 0.5268895348837209 0.8520084363185931 0.6268168604651163 0.7793340177139421 0.661640019379845 0.7233141533728569 0.5601986434108527
0 0.7106498304263565 0.45118701550387597 0.7312095905172413 0.4858759236453201 0.7360202432266009 0.5080049261083743 0.7454729893410852 0.525375484496124 0.7136779312015504 0.540515988372093 0.6637142684108527 0.46784156976744184
0 0.6198068071705426 0.5965358527131783 0.6652283187984496 0.705547480620155 0.5880117490310077 0.7373425387596899 0.5456183381782945 0.6434714147286822
1 0.3338496767241379 0.9274938423645319 0.44834321120689646 0.9274938423645319 0.44834321120689646 0.9977293719211822 0.3338496767241379 0.9977293719211822
1 0.47624499692118216 0.9207589285714285 0.59765625 0.9207589285714285 0.59765625 0.998046875 0.47624499692118216 0.998046875
1 0.7898995535714285 0.9284559729064038 0.865234375 0.9284559729064038 0.865234375 0.998046875 0.7898995535714285 0.998046875
0 0.6936864993842363 0.00865917487684729 0.758149245689655 0.00865917487684729 0.758149245689655 0.06157635467980295 0.6936864993842363 0.06157635467980295
