1 0.5138232800387597 0.11960998062015503 0.4502331637596899 0.1907703488372093 0.3548479893410853 0.11052567829457365 0.4093538032945736 0.05450581395348837
1 0.5834695978682171 0.24073401162790697 0.5592447916666666 0.3028100775193798 0.4774860707364341 0.25890261627906974 0.5047389777131783 0.2028827519379845
0 0.7288184350775193 0.1922843992248062 0.7257903343023255 0.26647286821705424 0.6349473110465116 0.24830426356589147 0.6379754118217054 0.1892562984496124
0 0.8771953730620154 0.030281007751937983 0.8681110707364341 0.08175872093023255 0.7651556443798448 0.06813226744186046 0.7954366521317828 0.013626453488372093
0 0.9922632025193798 0.02119670542635659 0.9347292877906976 0.015140503875968991 0.9180747335271318 0.06510416666666667 0.9937772529069766 0.08024467054263566
1 0.7121638808139534 0.4193919573643411 0.7061076792635659 0.5147771317829457 0.5895257994186046 0.48146802325581395 0.5895257994186046 0.3921390503875969
1 0.5123092296511628 0.3936531007751938 0.5198794815891473 0.5162911821705426 0.42752240794573637 0.5178052325581395 0.41541000484496127 0.3936531007751938
1 0.3699884932170543 0.40273740310077516 0.3836149467054263 0.510234980620155 0.27460331879844957 0.5162911821705426 0.2730892684108527 0.41030765503875966
1 0.26097686531007747 0.5359738372093024 0.23372395833333337 0.5783672480620154 0.13076853197674415 0.5647407945736433 0.16861979166666663 0.48146802325581395
1 0.6228349079457364 0.7403706395348837 0.6167787063953488 0.8963178294573643 0.4971687257751938 0.8826913759689923 0.5198794815891473 0.705547480620155
1 0.44720506298449614 0.7918483527131783 0.4653736676356589 0.9023740310077519 0.3427355862403101 0.9175145348837209 0.3275950823643411 0.8236434108527132
1 0.24963439039408863 0.6725292487684729 0.3554687499999999 0.7610452586206896 0.313968628875969 0.8191012596899224 0.20633851600985215 0.7283328201970443
0 0.6485737645348837 0.6147044573643411 0.6531159156976744 0.7025193798449613 0.7454729893410852 0.6737524224806202 0.7091357800387597 0.6086482558139534
1 0.7651556443798448 0.8342417635658914 0.7833242490310077 0.9084302325581395 0.7030795784883721 0.9220566860465116 0.6773407218992248 0.8614946705426356
1 0.8211755087209303 0.9523376937984496 0.778782097868217 0.9235707364341085 0.7121638808139534 0.9523376937984496 0.7333605862403101 0.9947311046511628 0.8348019622093024 0.9962451550387597 0.8756813226744187 0.9750484496124031 0.8575127180232558 0.9508236434108527
0 0.2064710513565891 0.004542151162790698 0.2140413032945736 0.07873062015503876 0.1110858769379845 0.07721656976744186 0.10957182655038761 0.004542151162790698
1 0.17619004360465113 0.09235707364341085 0.17467599321705424 0.14989098837209303 0.1110858769379845 0.1559471899224806 0.11562802810077516 0.09689922480620154
0 0.9317011870155039 0.8887475775193798 0.9968053536821706 0.8372698643410853 0.998046875 0.908203125 0.9786367490310077 0.9417393410852712
0 0.1322825823643411 0.1862281976744186 0.10654372577519378 0.23619186046511628 0.04598171027131781 0.180171996124031 0.06415031492248063 0.15746124031007752
0 0.9937772529069766 0.7676235465116279 0.9317011870155039 0.7873062015503876 0.9059623304263567 0.705547480620155 0.998046875 0.681640625
1 0.08126154556650245 0.5416794950738916 0.1033905480295566 0.46374692118226596 0.1976793411330049 0.4396936576354679 0.1447621613300492 0.5551493226600984
0 0.21935614224137928 0.839939963054187 0.271311191502463 0.839939963054187 0.271311191502463 0.8870843596059113 0.21935614224137928 0.8870843596059113
0 0.6455799722906403 0.10968288177339901 0.7292853294334974 0.10968288177339901 0.7292853294334974 0.18953971674876846 0.6455799722906403 0.18953971674876846
1 0.953461745689655 0.2145551108374384 0.998046875 0.2145551108374384 0.998046875 0.271484375 0.953461745689655 0.271484375
