0 0.08197294776119401 0.06704757462686567 0.20440764925373128 0.027207711442786067 0.24036069651741288 0.10785914179104476 0.11695429104477609 0.1574160447761194
1 0.002293221393034811 0.10785914179104476 0.080029539800995 0.07287779850746268 0.10820895522388058 0.13992537313432835 0.004236629353233823 0.18268034825870644
0 0.01784048507462685 0.3167754975124378 0.05962375621890545 0.4052005597014925 0.15096393034825867 0.3673041044776119 0.12861473880597013 0.30122823383084574 0.07322761194029848 0.31774720149253727 0.06545398009950246 0.30122823383084574
0 0.06351057213930347 0.4090873756218905 0.09363339552238803 0.5111162935323382 0.22287002487562185 0.4576725746268656 0.18886038557213924 0.35564365671641784
1 0.09752021144278605 0.5159748134328358 0.11695429104477609 0.5839940920398009 0.22967195273631835 0.5441542288557213 0.19857742537313428 0.4703047263681592
1 0.12958644278606962 0.5849657960199004 0.15582245024875618 0.6656172263681591 0.26270988805970147 0.6306358830845771 0.2316153606965174 0.5528995646766168
0 0.15873756218905472 0.6704757462686567 0.19080379353233828 0.7637593283582089 0.30060634328358204 0.7190609452736317 0.2685401119402985 0.6335509950248756
1 0.19080379353233828 0.7676461442786069 0.22481343283582084 0.8550995024875621 0.3326725746268656 0.810401119402985 0.29866293532338306 0.7287779850746268
1 0.17914334577114427 0.27693563432835816 0.2024642412935323 0.34592661691542287 0.30837997512437804 0.30414334577114427 0.2743703358208955 0.21863339552238803 0.2384172885572139 0.23223725124378106 0.2432758084577114 0.24875621890547261
0 0.21023787313432835 0.34787002487562185 0.2549362562189054 0.4518423507462686 0.2316153606965174 0.4567008706467661 0.25299284825870644 0.5227767412935322 0.3783426616915422 0.4839085820895522 0.3151819029850746 0.31094527363184077
1 0.25687966417910446 0.5373523009950248 0.292832711442786 0.6238339552238805 0.41138059701492535 0.5830223880597014 0.3793143656716418 0.4945973258706467
0 0.30254975124378103 0.6316075870646766 0.41429570895522383 0.5839940920398009 0.4356731965174129 0.6471548507462686 0.3239272388059701 0.6899098258706466
1 0.34141791044776115 0.7074004975124377 0.3734841417910447 0.7841651119402984 0.476484763681592 0.7482120646766168 0.45122046019900486 0.6733908582089552
1 0.37154073383084574 0.8026274875621889 0.3929182213930348 0.8793921019900497 0.5056358830845771 0.8414956467661691 0.476484763681592 0.7666744402985074
1 0.41040889303482586 0.2060012437810945 0.45316386815920395 0.3226057213930348 0.5726834577114427 0.2817941542288557 0.523126554726368 0.1574160447761194
1 0.5435323383084576 0.18753886815920395 0.5960043532338307 0.17782182835820892 0.5872590174129353 0.1282649253731343 0.6484763681592038 0.1204912935323383 0.6883162313432835 0.27207711442786064 0.5804570895522387 0.28859608208955223
1 0.6795708955223879 0.10883084577114427 0.693174751243781 0.22446361940298504 0.7563355099502487 0.21766169154228854 0.7592506218905472 0.26624689054726364 0.8126943407960198 0.2565298507462686 0.7913168532338307 0.09134017412935322
1 0.8126943407960198 0.11077425373134327 0.9224968905472635 0.11271766169154228 0.9302705223880596 0.26236007462686567 0.8214396766169153 0.25847325870646765
1 0.46482431592039797 0.3566153606965174 0.6125233208955223 0.30705845771144274 0.6552782960199004 0.41394589552238803 0.4988339552238805 0.46544620646766166
1 0.5066075870646766 0.46641791044776115 0.6591651119402984 0.417832711442786 0.7028917910447761 0.5266635572139303 0.5513059701492536 0.587880907960199
1 0.5639381218905472 0.5859374999999999 0.7135805348258706 0.5354088930348259 0.7398165422885571 0.60537157960199 0.5911458333333333 0.6539567786069651
1 0.6611085199004975 0.6354944029850745 0.671797263681592 0.6743625621890547 0.5901741293532338 0.7044853855721392 0.6057213930348258 0.7559856965174129 0.6397310323383083 0.7482120646766168 0.6601368159203979 0.812344527363184 0.8058924129353232 0.7657027363184079 0.7485618781094526 0.6063432835820894
1 0.662080223880597 0.8346937189054725 0.7611940298507461 0.7919387437810944 0.8039490049751242 0.8929959577114427 0.7019200870646766 0.9211753731343283
1 0.22870024875621886 0.8541277985074626 0.34433302238805963 0.8074860074626865 0.3754275497512437 0.8949393656716417 0.25299284825870644 0.9347792288557213
1 0.26951181592039797 0.9415811567164178 0.3734841417910447 0.9308924129353233 0.3763992537313432 0.99599657960199 0.27631374378109447 0.9930814676616915
1 0.013953669154228826 0.9571284203980098 0.10335043532338306 0.9250621890547263 0.07031249999999997 0.8288634950248756 0.00034981343283579935 0.8512126865671641 0.00034981343283579935 0.9658737562189054
0 0.009095149253731338 0.9979399875621889 0.015897077114427838 0.9639303482587064 0.13347325870646765 0.9765624999999999 0.12958644278606962 0.9969682835820894
0 0.05865205223880596 0.8074860074626865 0.03338774875621889 0.7394667288557213 0.0 0.748046875 0.00034981343283579935 0.8308069029850745
0 0.3919465174129353 0.8871657338308456 0.509522699004975 0.845382462686567 0.5386738184079601 0.9318641169154228 0.4220693407960199 0.9687888681592038
1 0.42595615671641784 0.9794776119402984 0.5474191542288557 0.9386660447761193 0.5765702736318408 0.99599657960199 0.513671875 0.998046875 0.4296875 0.998046875
0 0.006180037313432835 0.10397232587064675 0.05379353233830844 0.08259483830845771 0.01881218905472634 0.0009717039800995024 0.003264925373134303 0.0038868159203980096
0 0.30643656716417905 0.0019434079601990048 0.34238961442786064 0.08550995024875621 0.488145211442786 0.02817941542288557 0.472597947761194 0.002915111940298507
1 0.9030628109452734 0.2983131218905472 0.900147699004975 0.38868159203980096 0.998046875 0.388671875 0.998046875 0.28515625 0.907921330845771 0.27693563432835816
1 0.9263837064676617 0.11174595771144277 0.931242226368159 0.22154850746268653 0.9963463930348258 0.21960509950248755 0.9953746890547261 0.09814210199004975
0 0.6922030472636815 0.9600435323383083 0.8117226368159203 0.9153451492537312 0.83203125 0.998046875 0.70703125 0.998046875
1 0.7981187810945273 0.6772776741293531 0.7922885572139302 0.6306358830845771 0.8467039800995024 0.6325792910447761 0.8467039800995024 0.5383240049751243 0.998046875 0.541015625 0.998046875 0.666015625
0 0.857392723880597 0.4052005597014925 0.8603078358208954 0.5286069651741293 0.9963463930348258 0.5286069651741293 0.9953746890547261 0.4071439676616915
1 0.9137515547263679 0.7035136815920398 0.9166666666666665 0.8035991915422884 0.998046875 0.796875 0.998046875 0.68359375
1 0.9186100746268655 0.8249766791044775 0.9516480099502487 0.9493547885572138 0.9924595771144278 0.9386660447761193 0.9953746890547261 0.814287935323383
0 0.08585976368159201 0.0009717039800995024 0.10237873134328357 0.038868159203980096 0.20052083333333331 0.010688743781094526 0.19371890547263676 0.0019434079601990048
