1 0.15347928779069764 0.3664001937984496 0.19284459786821706 0.4920663759689922 0.0959453730620155 0.5132630813953488 0.06263626453488369 0.3966812015503876
1 0.5001968265503876 0.6586119186046512 0.4108678536821705 0.7449127906976744 0.34727773740310075 0.7070615310077519 0.43055050872093026 0.6131904069767442
1 0.569843144379845 0.7433987403100775 0.5259356831395349 0.8024467054263565 0.45628936531007747 0.7252301356589147 0.4911125242248062 0.6888929263565892 0.5062530281007752 0.7040334302325582 0.5213935319767442 0.6828367248062015
1 0.7818101986434107 0.6934350775193798 0.7469870397286822 0.7555111434108527 0.792408551356589 0.7751937984496123 0.8257176598837208 0.7222020348837209
1 0.8075490552325582 0.29372577519379844 0.778782097868217 0.3891109496124031 0.6182927567829457 0.3467175387596899 0.6410035125968992 0.24981831395348836
0 0.987721051356589 0.9674781976744186 0.9725805474806202 0.9962451550387597 0.8999061288759689 0.9705062984496123 0.9317011870155039 0.8993459302325582 0.975608648255814 0.9281128875968992
1 0.06717841569767441 0.8312136627906976 0.12925448158914726 0.916000484496124 0.058094113372093026 0.9644500968992248 0.0005601986434108364 0.8963178294573643
0 0.8181474079457365 0.8175872093023255 0.6970233769379844 0.9265988372093023 0.6485737645348837 0.8645227713178294 0.7651556443798448 0.7767078488372093
0 0.9789293411330047 0.7860606527093595 0.9577624692118225 0.8495612684729063 0.9952855603448274 0.8688038793103448 0.9962476908866993 0.7899091748768472
0 0.5969635160098521 0.5945966748768472 0.6142818657635467 0.6273091133004925 0.6700854371921181 0.6042179802955664 0.6441079125615763 0.5666948891625615
