1 0.7579627403846153 0.5791766826923077 0.7572115384615384 0.7143930288461539 0.8443509615384615 0.7173978365384616 0.849609375 0.5806790865384616
1 0.9254807692307692 0.5919471153846154 0.9322415865384615 0.702373798076923 0.998046875 0.69921875 0.9975961538461537 0.5866887019230769
1 0.45447716346153844 0.8481069711538461 0.478515625 0.9420072115384615 0.3928786057692307 0.9645432692307692 0.3733473557692307 0.8563701923076923 0.4529747596153846 0.8405949519230769
0 0.14573317307692307 0.8616286057692307 0.2443715363300492 0.8582204433497536 0.24148514470443344 0.7716286945812807 0.14498197115384615 0.7677283653846153
0 0.09014423076923078 0.5010516826923077 0.1953125 0.4957932692307692 0.2095853365384615 0.6122295673076923 0.11343149038461536 0.6212439903846154 0.10967548076923078 0.5573918269230769 0.08488581730769229 0.5573918269230769
1 0.18479567307692307 0.8721454326923077 0.18704927884615385 0.9555288461538461 0.30123197115384615 0.9480168269230769 0.2952223557692307 0.869140625
0 0.001502403846153827 0.9435096153846153 0.048828125 0.9262319711538461 0.015024038461538464 0.8255709134615384 0.0 0.828125
0 0.18479567307692307 0.3245192307692308 0.2681790865384615 0.37409855769230765 0.3170072115384615 0.3004807692307692 0.26968149038461536 0.26893028846153844 0.27493990384615385 0.2546574519230769 0.23212139423076922 0.22686298076923075 0.20808293269230765 0.2614182692307692 0.21859975961538458 0.2734375
0 0.6257512019230769 0.24338942307692307 0.6550480769230769 0.1795372596153846 0.5671574519230769 0.13822115384615385 0.5401141826923077 0.19305889423076922
1 0.24822005849753692 0.7697044334975368 0.3819562038177339 0.7697044334975368 0.3819562038177339 0.8485991379310344 0.24822005849753692 0.8485991379310344
