1 0.19367687807881767 0.3059575123152709 0.21003309729064035 0.3607989532019704 0.18886622536945807 0.3752309113300492 0.21003309729064035 0.41756465517241376 0.23023783866995068 0.4050569581280788 0.33992072044334964 0.3636853448275862 0.3033597598522167 0.2655480295566502
0 0.4168911637931034 0.37234451970443344 0.4207396859605911 0.4348830049261083 0.494823737684729 0.426223830049261 0.49001308497536933 0.39062499999999994 0.4765432573891625 0.39062499999999994 0.4736568657635467 0.35887469211822653 0.445755080049261 0.35887469211822653 0.445755080049261 0.36945812807881767
0 0.4573006465517241 0.23475985221674878 0.45922490763546786 0.3242379926108374 0.5506273091133004 0.32135160098522164 0.5487030480295566 0.25111607142857145 0.49867225985221664 0.25207820197044334 0.49674799876847286 0.23475985221674878
0 0.4649976908866994 0.0914024014778325 0.4573006465517241 0.12026631773399013 0.4726947352216748 0.12700123152709358 0.4640355603448275 0.15297875615763545 0.5640971366995073 0.18088054187192115 0.5746805726600984 0.11930418719211822
0 0.49771012931034475 0.0009621305418719211 0.4852024322660098 0.051955049261083734 0.567945658866995 0.073121921182266 0.5852640086206896 0.014431958128078817
1 0.5650592672413792 0.06831126847290639 0.5573622229064038 0.10391009852216747 0.5987338362068965 0.11353140394088669 0.6054687499999999 0.07697044334975368
1 0.2918141933497536 0.11737992610837437 0.3418449815270935 0.06927339901477832 0.3841787253694581 0.1144935344827586 0.33029941502463045 0.16548645320197042
0 0.05897860221674875 0.10294796798029555 0.049357296798029526 0.1327740147783251 0.08110760467980294 0.14239532019704432 0.09169104064039407 0.11641779556650245
0 0.2850792795566502 0.005772783251231526 0.31586745689655166 0.043295874384236446 0.372633158866995 0.014431958128078817 0.35723907019704426 0.0009621305418719211
0 0.06090286330049258 0.004810652709359605 0.05031942733990144 0.025977524630541867 0.10131234605911327 0.04425800492610837 0.12055495689655171 0.005772783251231526
