1 0.4108678536821705 0.0 0.4381207606589147 0.07873062015503876 0.3957273498062015 0.09538517441860465 0.3563620397286822 0.013626453488372093
1 0.6652283187984496 0.3346051356589147 0.6485737645348837 0.41787790697674415 0.5683290939922481 0.4148498062015504 0.5653009932170543 0.46027131782945735 0.5062530281007752 0.4572432170542636 0.5289637839147286 0.3118943798449612
1 0.4214662063953488 0.32854893410852715 0.4093538032945736 0.405765503875969 0.37604469476744184 0.390625 0.37604469476744184 0.4269622093023256 0.298828125 0.4118217054263566 0.31851078003875966 0.3103803294573643
1 0.37301659399224807 0.510234980620155 0.30791242732558133 0.6253028100775193 0.2443223110465116 0.570796996124031 0.2958000242248062 0.49055232558139533
1 0.08837512112403101 0.5950218023255813 0.21101320251937983 0.6025920542635659 0.20949915213178294 0.6570978682170543 0.09140322189922478 0.6631540697674418
0 0.6516018653100775 0.826671511627907 0.6924812257751938 0.8402979651162791 0.674312621124031 0.8705789728682171 0.6970233769379844 0.8811773255813953 0.6970233769379844 0.900859980620155 0.7015655281007752 0.9220566860465116 0.6909671753875969 0.9553657945736433 0.659172117248062 0.9735343992248062 0.554702640503876 0.9326550387596899 0.5819555474806202 0.8948037790697674 0.6107225048449613 0.900859980620155
1 0.9332152374031006 0.21196705426356588 0.9513838420542635 0.30886627906976744 0.8454003149224807 0.3406613372093023 0.8378300629844961 0.24527616279069767
0 0.8499424660852712 0.09841327519379844 0.9014201792635659 0.1983406007751938 0.8484284156976745 0.22559350775193798 0.8181474079457365 0.22256540697674418 0.7727258963178294 0.14534883720930233 0.8181474079457365 0.12263808139534883 0.7984647529069766 0.11506782945736434
0 0.9544119428294573 0.6495276162790697 0.9952913032945736 0.6449854651162791 0.998046875 0.6875 0.9650102955426356 0.6919210271317829
0 0.998046875 0.779296875 0.9301871366279069 0.7418846899224806 0.9634962451550386 0.6994912790697674 0.9862070009689923 0.6994912790697674 0.998046875 0.7109375
0 0.902921028325123 0.7456511699507389 0.9163908559113298 0.8418642241379309 0.9808536022167487 0.75623460591133
