0 0.3563620397286822 0.6389292635658914 0.3636757235221674 0.7620073891625615 0.2770839747536945 0.7600831280788176 0.27460331879844957 0.6374152131782945
1 0.23826610949612403 0.45875726744186046 0.2064710513565891 0.6237887596899224 0.15045118701550386 0.5995639534883721 0.17770409399224807 0.45421511627906974
0 0.9968053536821706 0.436046511627907 0.9044482800387597 0.3981952519379845 0.9195887839147288 0.3618580426356589 0.9317011870155039 0.3724563953488372 0.975608648255814 0.34368943798449614 0.998046875 0.357421875
0 0.16104953972868213 0.1892562984496124 0.13379663275193798 0.10295542635658915 0.0686924660852713 0.11355377906976744 0.09291727228682167 0.2074249031007752
0 0.4093538032945736 0.8932897286821705 0.4532612645348837 0.9568798449612402 0.38815709786821706 0.9947311046511628 0.34879178779069764 0.9402252906976744
0 0.36241824127906974 0.003028100775193798 0.3533339389534883 0.05450581395348837 0.2867157218992248 0.036337209302325583 0.2443223110465116 0.018168604651162792 0.2549206637596899 0.003028100775193798
1 0.20949915213178294 0.8448401162790697 0.20949915213178294 0.9220566860465116 0.1262263808139535 0.9250847868217054 0.1262263808139535 0.8448401162790697
0 0.8605408187984496 0.3815406976744186 0.8681110707364341 0.41636385658914726 0.8136052567829457 0.420906007751938 0.8060350048449612 0.3815406976744186
1 0.0019146397783250946 0.8360914408866994 0.03462707820197042 0.8360914408866994 0.03462707820197042 0.9246074507389161 0.0019146397783250946 0.9246074507389161
0 0.0028767703201970363 0.01635621921182266 0.05194542795566501 0.01635621921182266 0.05194542795566501 0.11256927339901476 0.0028767703201970363 0.11256927339901476
