1 0.3098830049261083 0.9977293719211822 0.3579895320197044 0.8716902709359605 0.43688423645320185 0.8995920566502462 0.3984375 0.998046875
0 0.28005695812807874 0.16644858374384233 0.32527709359605905 0.1914639778325123 0.3474060960591132 0.14335745073891623 0.3955126231527093 0.16644858374384233 0.4407327586206896 0.08274322660098521 0.35125461822660087 0.03752309113300492 0.3397090517241379 0.05868996305418719 0.3272013546798028 0.055803571428571425 0.31661791871921174 0.06157635467980295 0.31661791871921174 0.06734913793103448 0.3204664408866994 0.07408405172413793 0.3272013546798028 0.08081896551724137
1 0.8380926724137929 0.5657327586206896 0.8178879310344827 0.6446274630541872 0.8708051108374382 0.6600215517241379 0.8919719827586206 0.5792025862068965
0 0.8640701970443347 0.1414331896551724 0.998046875 0.23046875 0.998046875 0.08203125 0.9420027709359604 0.03463669950738916
0 0.8226985837438423 0.37138238916256155 0.8246228448275861 0.4050569581280788 0.837130541871921 0.4012084359605911 0.8429033251231526 0.4348830049261083 0.8996690270935959 0.4242995689655172 0.886199199507389 0.3454048645320197 0.813077278325123 0.3598368226600985
1 0.7515009236453201 0.8120381773399014 0.7534251847290638 0.8688038793103448 0.825584975369458 0.8678417487684728 0.8246228448275861 0.816848830049261
1 0.7139778325123152 0.04810652709359605 0.8092287561576352 0.1048722290640394 0.8380926724137929 0.05291717980295566 0.7572737068965516 0.0038485221674876844 0.7476524014778323 0.0
1 0.6244996921182265 0.1962746305418719 0.6687576970443349 0.13084975369458127 0.7139778325123152 0.16260006157635465 0.6706819581280787 0.22706280788177338
1 0.6697198275862067 0.2376462438423645 0.7207127463054186 0.1645243226600985 0.7861376231527093 0.20300954433497534 0.7312961822660098 0.2761314655172413
0 0.0010391009852216415 0.11160714285714285 0.0876308497536945 0.10294796798029555 0.07993380541871914 0.030788177339901475 7.697044334969982e-05 0.043295874384236446
1 0.7293719211822658 0.2828663793103448 0.7774784482758619 0.22225215517241376 0.8438654556650245 0.2742072044334975 0.7880618842364531 0.33001077586206895
