0 0.46463815789473684 0.712376644736842 0.5602384868421052 0.726768092105263 0.5355674342105262 0.8665707236842105 0.44613486842105254 0.8501233552631579
1 0.5520148026315789 0.7822779605263157 0.5396792763157894 0.8696546052631579 0.6157483552631577 0.883018092105263 0.6321957236842104 0.7925575657894737
0 0.7041529605263157 0.9457236842105262 0.7843338815789473 0.7442434210526315 0.9148848684210524 0.7987253289473684 0.8429276315789473 0.9888980263157894
1 0.26418585526315785 0.8305921052631579 0.3587582236842105 0.8398437499999999 0.37109375 0.7576069078947368 0.2868009868421052 0.7483552631578947 0.2744654605263157 0.829564144736842
1 0.3700657894736842 0.7606907894736842 0.4502467105263157 0.770970394736842 0.43996710526315785 0.8532072368421052 0.3587582236842105 0.843955592105263
1 0.18811677631578938 0.7442434210526315 0.25801809210526316 0.7483552631578947 0.25082236842105254 0.8233963815789473 0.18092105263157887 0.8162006578947368
1 0.08737664473684209 0.8141447368421052 0.17372532894736836 0.8233963815789473 0.18811677631578938 0.7010690789473684 0.10279605263157893 0.6918174342105262
1 0.007195723684210509 0.653782894736842 0.0945723684210526 0.6640625 0.07298519736842102 0.8141447368421052 0.0 0.802734375
0 0.28371710526315785 0.7092927631578947 0.3392269736842105 0.7164884868421052 0.3330592105263157 0.7524671052631579 0.2796052631578947 0.7452713815789473
0 0.005139802631578927 0.6208881578947368 0.0359786184210526 0.6260279605263157 0.04317434210526311 0.5838815789473684 0.010279605263157854 0.5777138157894737
0 0.0020559210526315264 0.932360197368421 0.07606907894736836 0.951891447368421 0.0625 0.998046875 0.001953125 0.998046875
0 0.10587993421052627 0.9426398026315789 0.234375 0.9631990131578947 0.23026315789473684 0.9971217105263157 0.09560032894736836 0.9971217105263157
0 0.35464638157894735 0.9971217105263157 0.36081414473684204 0.9786184210526315 0.4609375 0.998046875 0.359375 0.998046875
